jails: 
  destory: 
    world: world
    x: -175.52745291489694
    y: 70.0
    z: 171.50309005996678
    yaw: -268.34753
    pitch: 10.050033
