spawns: 
  default: 
    world: world
    x: -180.07450901353226
    y: 76.0
    z: 173.54896426037502
    yaw: -88.20003
    pitch: -2.5500345
