spawns: 
  default: 
    world: world
    x: 780.7010855640401
    y: 64.0
    z: -1885.5193244898844
    yaw: -90.03204
    pitch: 0.14998594
