lastAccountName: bao_zi
timestamps:
  login: 1522554693523
  lastteleport: 1522556063419
  logout: 1522556101745
ipAddress: 112.233.170.19
lastlocation:
  world: spawn
  x: 14.34528825029718
  y: 59.0
  z: -4.510748372762464
  yaw: -178.94978
  pitch: -13.350021
logoutlocation:
  world: resources_the_end
  x: -0.7386064572436987
  y: 64.0
  z: -14.338460656775379
  yaw: 118.64998
  pitch: 13.799852
