lastAccountName: afrahaha
timestamps:
  login: 1503231557641
  lastteleport: 1502708846668
  logout: 1503231703341
ipAddress: 139.214.161.169
lastlocation:
  world: world
  x: 1118.764683202128
  y: 66.0
  z: -2098.6985769119165
  yaw: 191.05304
  pitch: 24.599966
money: '100.0'
logoutlocation:
  world: world
  x: 1061.3645836071867
  y: 66.0
  z: -2095.493017957989
  yaw: 295.7547
  pitch: 24.899971
