lastAccountName: afrahaha
timestamps:
  login: 1502713785720
  lastteleport: 1502708846668
  logout: 1502715941332
ipAddress: 111.27.147.166
lastlocation:
  world: world
  x: 1118.764683202128
  y: 66.0
  z: -2098.6985769119165
  yaw: 191.05304
  pitch: 24.599966
money: '100.0'
logoutlocation:
  world: world
  x: 1018.3439690964689
  y: 74.0
  z: -2103.837215912226
  yaw: 7.4542847
  pitch: -21.29999
