lastAccountName: Lavender
timestamps:
  login: 1503923213861
  lastteleport: 1503924738910
  logout: 1503925150030
ipAddress: 42.197.245.201
lastlocation:
  world: world
  x: -186.70257249569852
  y: 72.0
  z: 167.9069892629493
  yaw: 308.04617
  pitch: 6.0000033
money: '100.0'
logoutlocation:
  world: world
  x: -3691.4109301076282
  y: 63.0
  z: 1336.1341785746847
  yaw: 130.16687
  pitch: 20.69998
