lastAccountName: Zhong_Xia
timestamps:
  login: 1503743321354
  logout: 1503743546322
ipAddress: 183.179.81.195
lastlocation:
  world: world
  x: -208.24276867273082
  y: 80.0
  z: 246.45581765482137
  yaw: 51.84546
  pitch: 16.630617
logoutlocation:
  world: world
  x: -193.69999998807907
  y: 73.0
  z: 186.69999998807907
  yaw: -297.6538
  pitch: -11.869394
