lastAccountName: NingMY
timestamps:
  login: 1530938113175
  lastteleport: 1530938449216
  logout: 1530938452468
ipAddress: 183.2.198.250
lastlocation:
  world: world
  x: 2573.585959051202
  y: 66.0
  z: -797.1487238997404
  yaw: -276.8017
  pitch: 17.999992
logoutlocation:
  world: world
  x: -225.5
  y: 64.0
  z: 14.5
  yaw: -88.951164
  pitch: -0.300002
