lastAccountName: Ayu
timestamps:
  login: 1531841528474
  lastteleport: 1531841180228
  logout: 1531841540779
ipAddress: 111.161.152.236
lastlocation:
  world: world
  x: 2543.856333921613
  y: 73.5
  z: -820.3000000119209
  yaw: -251.00598
  pitch: 30.300056
logoutlocation:
  world: world
  x: -75.84214010084723
  y: 63.0
  z: 135.13657568975634
  yaw: 62.407177
  pitch: 29.100084
