lastAccountName: The_Endopi
timestamps:
  login: 1531630337539
  logout: 1531630469202
ipAddress: 123.65.107.140
lastlocation:
  world: world
  x: -225.36706876682035
  y: 64.0
  z: 14.390005902505456
  yaw: -89.40118
  pitch: -2.2500103
logoutlocation:
  world: world
  x: -143.0290481658978
  y: 73.0
  z: 137.0021087638201
  yaw: -290.2512
  pitch: 13.349998
money: '0'
