lastAccountName: BlueHeron57
timestamps:
  login: 1502101577389
  logout: 1502101882691
ipAddress: 113.231.87.102
lastlocation:
  world: world
  x: -212.04247195632166
  y: 74.0
  z: 161.30000001192093
  yaw: -219.68109
  pitch: 1.5263895
logoutlocation:
  world: world
  x: -158.03749064859088
  y: 71.0
  z: 153.05345759991937
  yaw: 285.82492
  pitch: 30.403214
