lastAccountName: BlueHeron57
timestamps:
  login: 1502771438816
  logout: 1502771444729
ipAddress: 113.228.103.186
lastlocation:
  world: world
  x: -212.04247195632166
  y: 74.0
  z: 161.30000001192093
  yaw: -219.68109
  pitch: 1.5263895
logoutlocation:
  world: world
  x: -158.03749064859088
  y: 71.0
  z: 153.05345759991937
  yaw: 276.60895
  pitch: 8.918404
