lastAccountName: Can_is
timestamps:
  login: 1506840148364
  kits:
    tools: 1503655224726
  lastteleport: 1503902712092
  logout: 1506841636214
ipAddress: 113.243.74.158
lastlocation:
  world: world
  x: -14842.660353460642
  y: 92.0
  z: 333.84377386720547
  yaw: 351.05527
  pitch: 87.06239
money: '1215.8249999999999997'
logoutlocation:
  world: world
  x: -14741.886496282554
  y: 68.0
  z: -1.7768842349652287
  yaw: -320.94556
  pitch: 14.014105
homes:
  home:
    world: world
    x: -14850.831593651345
    y: 92.0
    z: 333.93648281402113
    yaw: 120.147095
    pitch: 22.800003
afk: false
