lastAccountName: andyoo999
timestamps:
  login: 1503384479087
  logout: 1503384988545
ipAddress: 123.205.40.163
lastlocation:
  world: world
  x: -50.83543416657551
  y: 80.0
  z: 193.20186068394875
  yaw: 81.24646
  pitch: 73.04999
logoutlocation:
  world: world
  x: -95.60221894775663
  y: 63.0
  z: 188.23750001192093
  yaw: 154.74524
  pitch: 49.20011
