lastAccountName: mc_sfbwg
timestamps:
  login: 1501995384460
  logout: 1501995575695
ipAddress: 125.90.122.175
lastlocation:
  world: world
  x: -178.81392258993722
  y: 76.0
  z: 176.1061956980614
  yaw: 213.1496
  pitch: 39.749985
money: '100.0'
logoutlocation:
  world: world
  x: -61.83604044605193
  y: 62.0
  z: 45.576961396914996
  yaw: -90.50338
  pitch: 21.430655
