lastAccountName: '367643685'
timestamps:
  login: 1503645802315
  logout: 1503645960247
ipAddress: 106.105.94.192
lastlocation:
  world: world
  x: -180.07367006594382
  y: 76.0
  z: 173.48296031175605
  yaw: -89.15385
  pitch: 1.6305984
logoutlocation:
  world: world
  x: -74.07528956362935
  y: 72.0
  z: 138.4669779521745
  yaw: -179.90387
  pitch: 13.7806
