lastAccountName: Mu_ye
timestamps:
  login: 1531449776786
  lastteleport: 1531450122681
  logout: 1531450166075
ipAddress: 117.25.116.87
lastlocation:
  world: resources
  x: 557.6999999880791
  y: 35.0
  z: 521.6275997881692
  yaw: 75.89874
  pitch: 21.600105
logoutlocation:
  world: world
  x: 2547.6799774559886
  y: 67.875
  z: -815.6315310769882
  yaw: -122.1517
  pitch: 39.44996
