lastAccountName: FOVO
timestamps:
  login: 1526102962455
  logout: 1526102990599
ipAddress: 113.66.119.100
logoutlocation:
  world: world
  x: -225.54055229329015
  y: 64.0
  z: 14.697747318921685
  yaw: -0.15145071
  pitch: 41.849983
