lastAccountName: ROCKY
timestamps:
  login: 1531607792065
  lastteleport: 1531596791623
  logout: 1531607812845
ipAddress: 58.16.44.226
lastlocation:
  world: world
  x: -225.93160758157714
  y: 64.0625
  z: 14.49642985779792
  yaw: -88.951164
  pitch: -0.300002
logoutlocation:
  world: world
  x: 1.512499988079071
  y: 6.0
  z: -1862.365061134722
  yaw: -126.28297
  pitch: 50.849373
