lastAccountName: kg241
timestamps:
  login: 1530781599640
  lastteleport: 1530782210100
  logout: 1530782223837
ipAddress: 61.141.253.136
lastlocation:
  world: world
  x: -30.647310440569044
  y: 60.0
  z: 36.30000001192092
  yaw: 63.54816
  pitch: -32.467293
afk: false
money: '1203.50'
logoutlocation:
  world: world
  x: -135.56411869823472
  y: 64.0
  z: 194.3376005241854
  yaw: 183.79135
  pitch: 14.773257
