lastAccountName: Okain_xuan
timestamps:
  login: 1519035909463
  lastteleport: 1519036040411
  logout: 1519036989545
ipAddress: 120.84.12.206
lastlocation:
  world: zc
  x: 6.635952861215594
  y: 54.0
  z: -13.300000011920924
  yaw: -78.15015
  pitch: -74.4
logoutlocation:
  world: world
  x: -345.2257233329339
  y: 77.0
  z: 146.08003390638834
  yaw: 30.881182
  pitch: 8.849957
