lastAccountName: mo_123
timestamps:
  login: 1503386790756
  logout: 1503386858959
ipAddress: 183.214.199.139
lastlocation:
  world: world
  x: -179.42468201951982
  y: 73.0
  z: 178.67934232611222
  yaw: 4.296148
  pitch: 44.230595
logoutlocation:
  world: world
  x: -178.66719141221978
  y: 76.0
  z: 175.92505241321976
  yaw: -164.90375
  pitch: 16.180593
