lastAccountName: hao_cheng
timestamps:
  login: 1527943361054
  lastteleport: 1527946430614
  logout: 1527946554583
ipAddress: 120.239.162.113
lastlocation:
  world: resources
  x: 598.599221984162
  y: 68.0
  z: 271.52497214878423
  yaw: 267.75018
  pitch: -3.3000987
logoutlocation:
  world: resources
  x: 900.3815830386613
  y: 73.0
  z: 296.85425359047895
  yaw: 175.18616
  pitch: 16.64994
