lastAccountName: JasonHung721
timestamps:
  login: 1503924907553
  logout: 1503925113392
  lastteleport: 1501924462962
ipAddress: 36.5.57.129
lastlocation:
  world: world
  x: -181.5474130639514
  y: 76.0
  z: 172.9898157555368
  yaw: -173.40005
  pitch: 32.549946
logoutlocation:
  world: world
  x: -534.9042505721482
  y: 64.0
  z: 641.0694714383299
  yaw: 299.37305
  pitch: -4.500031
money: '23.7249999999999988'
