lastAccountName: JasonHung721
timestamps:
  login: 1501999642949
  logout: 1502000058523
  lastteleport: 1501924462962
ipAddress: 36.5.58.214
lastlocation:
  world: world
  x: -181.5474130639514
  y: 76.0
  z: 172.9898157555368
  yaw: -173.40005
  pitch: 32.549946
logoutlocation:
  world: world
  x: -588.4416741863591
  y: 68.0
  z: 602.25461978483
  yaw: 102.74823
  pitch: 20.099993
money: '23.7249999999999988'
