lastAccountName: yolo
timestamps:
  login: 1532004049931
  lastteleport: 1532004872748
  logout: 1532005012985
ipAddress: 117.14.250.11
lastlocation:
  world: world
  x: -201.38697210600847
  y: 77.0
  z: 310.06522607497163
  yaw: -76.34964
  pitch: 6.8999987
logoutlocation:
  world: world
  x: -198.82326972479675
  y: 77.0
  z: -33.17821821940391
  yaw: -354.30298
  pitch: 17.550117
