lastAccountName: Sun_Rain
timestamps:
  login: 1532168100480
  logout: 1532168389335
ipAddress: 140.250.241.4
lastlocation:
  world: world
  x: -225.36706876682035
  y: 64.0
  z: 14.390005902505456
  yaw: -89.40118
  pitch: -2.2500103
logoutlocation:
  world: world_nether
  x: -0.653924096548255
  y: 86.0
  z: 13.411382788330174
  yaw: -8.400967
  pitch: 6.9000497
