lastAccountName: uiqwww
timestamps:
  login: 1502437518345
  lastteleport: 1502438890618
  logout: 1502438934333
ipAddress: 36.224.241.229
lastlocation:
  world: world
  x: 819.5781582155391
  y: 43.0
  z: -1988.8381737482064
  yaw: 84.5683
  pitch: -34.050003
money: '100.0'
logoutlocation:
  world: world
  x: 780.5
  y: 64.0
  z: -1885.5
  yaw: -150.03207
  pitch: 24.59999
