lastAccountName: ZhuiMengYueGunag
timestamps:
  login: 1531750830862
  logout: 1531750839216
ipAddress: 123.65.106.130
lastlocation:
  world: world
  x: -225.36706876682035
  y: 64.0
  z: 14.390005902505456
  yaw: -89.40118
  pitch: -2.2500103
logoutlocation:
  world: world
  x: -225.3040328770876
  y: 64.0
  z: 14.50357014220208
  yaw: -88.951164
  pitch: -0.300002
