lastAccountName: zd0g3
timestamps:
  login: 1501491794953
  logout: 1501492004634
ipAddress: 14.203.224.167
lastlocation:
  world: world
  x: -180.02330014119065
  y: 76.0
  z: 173.49329652899618
  yaw: 269.85046
  pitch: 0.44985256
logoutlocation:
  world: world
  x: -268.69999998807907
  y: 69.0
  z: -26.40063389131451
  yaw: -231.17903
  pitch: 34.199974
