lastlocation:
  world: world
  x: -208.27880162441937
  y: 72.0
  z: 171.4342959544609
  yaw: -333.75806
  pitch: 80.01696
lastAccountName: Eternal_Kingdom
timestamps:
  login: 1501563812804
  lastteleport: 1501564054881
  logout: 1501564178130
ipAddress: 58.209.251.124
money: '857.149999999999998'
afk: false
logoutlocation:
  world: world
  x: -180.37511600899217
  y: 76.0
  z: 173.82369653279505
  yaw: 269.72568
  pitch: 0.5122467
