lastAccountName: MedChai
timestamps:
  login: 1531795188732
  lastteleport: 1531637247631
  logout: 1531796390248
ipAddress: 180.101.151.132
lastlocation:
  world: world
  x: -1379.1458462993162
  y: 79.5
  z: 2087.2350874285867
  yaw: 29.211426
  pitch: 12.991377
money: '4169.549999999999968'
homes:
  a:
    world: world
    x: 26.85363159193831
    y: 83.0
    z: -679.2168131640349
    yaw: 79.42093
    pitch: 15.412467
  c:
    world: world_the_end
    x: -12080.067664824588
    y: 63.0
    z: 7706.261840815806
    yaw: 100.33591
    pitch: 14.674784
  b:
    world: world
    x: -2418.1128803513197
    y: 64.0
    z: 3702.6674832451713
    yaw: 197.44424
    pitch: 10.331346
logoutlocation:
  world: world
  x: -13107.140428234403
  y: 69.0
  z: 845.2188530866513
  yaw: 301.56873
  pitch: 12.657122
afk: false
