lastAccountName: timo
timestamps:
  login: 1531729270637
  logout: 1531730478624
ipAddress: 110.18.75.57
lastlocation:
  world: world
  x: -225.36706876682035
  y: 64.0
  z: 14.390005902505456
  yaw: -89.40118
  pitch: -2.2500103
logoutlocation:
  world: world
  x: -343.60473319136395
  y: 105.0
  z: 288.4220311665823
  yaw: 35.85022
  pitch: 16.199986
