lastAccountName: ssced
timestamps:
  login: 1502882452322
  logout: 1502887075526
  lastteleport: 1502886876385
ipAddress: 223.192.44.195
lastlocation:
  world: world_nether
  x: 2877.4096524570914
  y: 129.0
  z: 270.8472033989881
  yaw: -74.84833
  pitch: 6.449828
logoutlocation:
  world: world_nether
  x: 2587.6268919511385
  y: 128.0
  z: 278.28083404747247
  yaw: 248.93199
  pitch: 19.744167
homes:
  home:
    world: zy
    x: -2828.9702185089473
    y: 71.0
    z: -1139.8044258886919
    yaw: -218.3294
    pitch: 4.049994
  c:
    world: world
    x: 7697.437488051514
    y: 65.0
    z: 11087.043198981053
    yaw: -228.24928
    pitch: 14.5500145
  v:
    world: world
    x: -4034.728945860236
    y: 63.0
    z: 1406.735663533392
    yaw: 137.51611
    pitch: 18.59998
afk: false
money: '7617.09999999999997'
