lastAccountName: ssced
timestamps:
  login: 1502028896463
  logout: 1502033194033
  lastteleport: 1502033140863
ipAddress: 223.192.44.195
lastlocation:
  world: zy
  x: -406.48274733601187
  y: 5.0
  z: 199.27340612399652
  yaw: -3.1506648
  pitch: 0.14985603
logoutlocation:
  world: world
  x: -53.43183929312187
  y: 117.0
  z: 164.3730592668564
  yaw: -260.1304
  pitch: -15.900001
homes:
  home:
    world: world
    x: -94.90881826174001
    y: 63.0
    z: 193.06272112974705
    yaw: 45.871998
    pitch: 16.350027
  c:
    world: world
    x: -53.926653255562904
    y: 117.0
    z: 161.8663014471585
    yaw: -280.0803
    pitch: 23.550007
  v:
    world: world
    x: -4029.5890178390123
    y: 63.0
    z: 1399.3979663783673
    yaw: 18.567871
    pitch: 17.09984
afk: false
money: '100.0'
