lastAccountName: ssced
timestamps:
  login: 1502425037406
  logout: 1502422000453
  lastteleport: 1502433590643
ipAddress: 223.192.44.195
lastlocation:
  world: world
  x: -3854.4111157102225
  y: 106.0
  z: 3866.216150075055
  yaw: 236.45325
  pitch: 12.300041
logoutlocation:
  world: world
  x: -4035.254243353005
  y: 63.0
  z: 1405.1614908658214
  yaw: 150.85008
  pitch: 19.799997
homes:
  home:
    world: zy
    x: -2564.006786519344
    y: 76.0
    z: -646.8787077235174
    yaw: 290.6253
    pitch: 6.1499796
  c:
    world: world
    x: -53.926653255562904
    y: 117.0
    z: 161.8663014471585
    yaw: -280.0803
    pitch: 23.550007
  v:
    world: world
    x: -4035.526530396029
    y: 67.0
    z: 1408.4693163798934
    yaw: 11.366089
    pitch: 29.549973
afk: false
money: '1009.0'
