lastAccountName: ssced
timestamps:
  login: 1506862543359
  logout: 1506864227122
  lastteleport: 1505544181600
ipAddress: 223.192.199.48
lastlocation:
  world: world
  x: -180.5
  y: 76.0
  z: 173.5
  yaw: -92.45386
  pitch: 13.7806225
logoutlocation:
  world: world
  x: -4032.5245408231262
  y: 63.0
  z: 1405.208098935872
  yaw: 202.7669
  pitch: 21.149948
homes:
  home:
    world: zy
    x: -2828.9702185089473
    y: 71.0
    z: -1139.8044258886919
    yaw: -218.3294
    pitch: 4.049994
  c:
    world: world
    x: 7697.437488051514
    y: 65.0
    z: 11087.043198981053
    yaw: -228.24928
    pitch: 14.5500145
  v:
    world: world
    x: -4034.728945860236
    y: 63.0
    z: 1406.735663533392
    yaw: 137.51611
    pitch: 18.59998
afk: false
money: '17422.09999999999997'
