lastAccountName: Grasscraft
timestamps:
  login: 1516429018066
  lastteleport: 1516429691260
  logout: 1516430004180
ipAddress: 59.59.236.61
lastlocation:
  world: world
  x: -182.5
  y: 71.0
  z: 172.5
  yaw: -95.00386
  pitch: 30.130611
logoutlocation:
  world: world
  x: -477.19062009220795
  y: 66.0
  z: 560.8140448860546
  yaw: -224.57693
  pitch: 23.249926
afk: false
homes:
  home:
    world: world
    x: -514.5025256957188
    y: 66.0
    z: 562.6347831356429
    yaw: -269.72656
    pitch: -1.0500623
money: '100.0'
