lastAccountName: Tncye
timestamps:
  login: 1530499936735
  lastteleport: 1530500588618
  logout: 1530500612695
ipAddress: 60.25.121.11
lastlocation:
  world: world_nether
  x: -458.4394461487656
  y: 58.0
  z: 214.12017210520037
  yaw: 106.64905
  pitch: -13.949975
money: '250'
logoutlocation:
  world: world
  x: 2555.300000011921
  y: 66.0
  z: -815.5232210448295
  yaw: 131.4982
  pitch: 18.149998
