lastAccountName: Noob
timestamps:
  login: 1531497986516
  logout: 1531498403512
ipAddress: 125.73.179.226
lastlocation:
  world: world
  x: -225.36706876682035
  y: 64.0
  z: 14.390005902505456
  yaw: -89.40118
  pitch: -2.2500103
logoutlocation:
  world: world
  x: -31.59554320419457
  y: 117.0
  z: 181.93536678112997
  yaw: -319.7905
  pitch: 14.7001505
