lastAccountName: Michael
timestamps:
  login: 1503923705173
  lastteleport: 1503924826695
  logout: 1503925441548
ipAddress: 58.16.44.67
lastlocation:
  world: world
  x: -236.7222615702179
  y: 72.0
  z: 160.12834197482235
  yaw: -266.60406
  pitch: 12.730627
money: '85.0'
logoutlocation:
  world: world
  x: -308.2752191335368
  y: 66.0
  z: 33.94216396143949
  yaw: -289.97937
  pitch: 18.900084
