lastAccountName: taocheng
timestamps:
  login: 1526802933402
  logout: 1526804366675
ipAddress: 60.255.186.238
lastlocation:
  world: world
  x: -80.00777375382194
  y: 62.9375
  z: 195.01613042593283
  yaw: -226.2107
  pitch: 2.5520227
logoutlocation:
  world: world
  x: -35.419185053423796
  y: 117.0
  z: 177.86250001192093
  yaw: -181.70613
  pitch: 66.07759
