lastAccountName: Xiyan
timestamps:
  login: 1503901673068
  logout: 1503901723920
ipAddress: 61.179.184.73
lastlocation:
  world: world
  x: -180.07367006594382
  y: 76.0
  z: 173.48296031175605
  yaw: -89.15385
  pitch: 1.6305984
logoutlocation:
  world: world
  x: -175.7668140628958
  y: 76.0
  z: 160.45048267716868
  yaw: 221.79144
  pitch: 19.50778
