lastAccountName: hg111
timestamps:
  login: 1541739031716
  logout: 1541739103393
  lastteleport: 1541739072378
ipAddress: 116.8.56.215
lastlocation:
  world: world_the_end
  x: 3266.2102619180087
  y: 97.0
  z: 5510.04452001608
  yaw: -318.00195
  pitch: 17.582634
logoutlocation:
  world: world
  x: -2497.499424931232
  y: 64.0
  z: 4463.447787116177
  yaw: -220.96538
  pitch: 17.173443
afk: false
homes:
  a:
    world: world
    x: -2500.1589939089686
    y: 63.0
    z: 4492.057894653961
    yaw: 133.94391
    pitch: 49.446117
  b:
    world: world_nether
    x: 163.14689810432185
    y: 59.0
    z: 688.6999999880791
    yaw: 258.40015
    pitch: 14.463066
  c:
    world: world_the_end
    x: 3266.2102619180087
    y: 97.0
    z: 5510.04452001608
    yaw: -317.82117
    pitch: 17.492233
money: '351.45'
