lastAccountName: Ares_God
timestamps:
  login: 1518853200167
  logout: 1518853252739
ipAddress: 61.54.195.115
lastlocation:
  world: zc
  x: 16.5
  y: 59.0
  z: -4.5
  yaw: 94.35028
  pitch: 48.59998
logoutlocation:
  world: zc
  x: 15.401960304505348
  y: 59.0
  z: -6.029981632639592
  yaw: -295.95
  pitch: 10.3500185
