lastAccountName: bian49573684
timestamps:
  login: 1503819911982
  kits:
    tools: 1503819937753
  lastteleport: 1503733418291
  logout: 1503820002576
ipAddress: 120.33.188.185
lastlocation:
  world: world
  x: -174.14544484046363
  y: 75.0
  z: 189.45545265770463
  yaw: -19.104034
  pitch: -0.74999124
money: '90.0'
logoutlocation:
  world: world
  x: -178.75033932098717
  y: 76.0
  z: 175.8334905163145
  yaw: 106.89615
  pitch: -0.16940036
