lastAccountName: EMKCurtain
timestamps:
  login: 1519823220162
  logout: 1519823299581
  lastteleport: 1519817314394
ipAddress: 121.22.243.132
lastlocation:
  world: world
  x: -133.24873544444355
  y: 64.0
  z: 187.69365873493345
  yaw: -355.5127
  pitch: 10.470379
logoutlocation:
  world: world
  x: 29.951831315086963
  y: 10.0
  z: 251.04733007947326
  yaw: 284.8657
  pitch: 32.364716
