lastAccountName: jingjinghack
timestamps:
  login: 1503055089994
  logout: 1503055156891
  lastteleport: 1502160341085
  jail: 0
ipAddress: 60.233.3.99
lastlocation:
  world: zy
  x: 2654.1066584951177
  y: 86.0
  z: 806.9127270055633
  yaw: -75.238625
  pitch: 48.548546
logoutlocation:
  world: world
  x: -218.38741087522524
  y: 73.0
  z: 127.61864882905803
  yaw: 170.44295
  pitch: -62.421318
money: '0.0'
homes:
  home:
    world: zy
    x: 2648.699999988079
    y: 82.0
    z: 803.1170209800218
    yaw: -82.0428
    pitch: 18.683512
afk: false
jailed: false
