lastAccountName: XFYT
timestamps:
  login: 1502328307225
  logout: 1502328312260
ipAddress: 223.96.144.93
lastlocation:
  world: world
  x: -180.02330014119065
  y: 76.0
  z: 173.49329652899618
  yaw: 269.85046
  pitch: 0.44985256
logoutlocation:
  world: world
  x: 782.5866484528549
  y: 64.0
  z: -1886.2362701343825
  yaw: -301.83185
  pitch: 9.299984
