lastAccountName: Concper
timestamps:
  login: 1506832840458
  lastteleport: 1506833088658
  logout: 1506833101586
ipAddress: 183.143.243.188
lastlocation:
  world: world
  x: -179.36633042616617
  y: 74.0
  z: 169.69999998807907
  yaw: -334.40378
  pitch: 16.7806
logoutlocation:
  world: world
  x: -109.89647315693813
  y: 62.0
  z: 199.41941487825258
  yaw: -48.503586
  pitch: 49.630558
