lastAccountName: Dog
timestamps:
  login: 1528117876369
  logout: 1528117945930
ipAddress: 113.64.105.249
lastlocation:
  world: world
  x: -225.36706876682035
  y: 64.0
  z: 14.390005902505456
  yaw: -89.40118
  pitch: -2.2500103
logoutlocation:
  world: world
  x: -205.96411002227686
  y: 64.0
  z: 18.899752831155816
  yaw: 48.598858
  pitch: -3.6000087
