lastAccountName: zyw
timestamps:
  login: 1518269157464
  lastteleport: 1518269230391
  logout: 1518269974840
ipAddress: 112.26.78.177
lastlocation:
  world: zc
  x: 39.847486334552464
  y: 75.5
  z: -32.09835542804763
  yaw: 28.34552
  pitch: 16.649998
money: '100.0'
logoutlocation:
  world: world
  x: -3296.300000011921
  y: 63.0
  z: 1321.300000011921
  yaw: -150.66656
  pitch: 35.261246
