lastAccountName: YuKi
timestamps:
  login: 1504929430219
  logout: 1504930069806
ipAddress: 111.14.210.29
lastlocation:
  world: zy
  x: -264.42903107835
  y: 71.0
  z: 217.78271597947085
  yaw: -217.6496
  pitch: 12.449944
money: '57.75'
logoutlocation:
  world: world
  x: -32.60461780260239
  y: 81.0
  z: 165.32642455585014
  yaw: -227.09995
  pitch: 19.949987
afk: false
