lastAccountName: zhanshen
timestamps:
  login: 1532230779063
  logout: 1532231363784
  lastteleport: 1532171277477
ipAddress: 36.106.190.162
lastlocation:
  world: resources
  x: -239.00909268756487
  y: 71.0
  z: -1383.9876483098803
  yaw: 175.04591
  pitch: -0.7500192
money: '21737.709999999999270'
logoutlocation:
  world: world
  x: 5763.214657265443
  y: 76.0
  z: 5596.883635373455
  yaw: 12.422744
  pitch: 15.450198
homes:
  home:
    world: world
    x: -14754.00836815787
    y: 86.0
    z: -6.8069226047672675
    yaw: 13.770191
    pitch: 5.2499933
  home3:
    world: resources
    x: -234.01512223003252
    y: 70.0
    z: -1384.925490957563
    yaw: 224.69595
    pitch: 82.34998
  home2:
    world: world_the_end
    x: -11728.007656445223
    y: 118.0
    z: 8106.9941355394585
    yaw: -35.501373
    pitch: 2.2499595
afk: false
