lastAccountName: kaig
timestamps:
  login: 1531212078964
  lastteleport: 1531213828562
  logout: 1531214331380
ipAddress: 61.144.172.250
lastlocation:
  world: world_the_end
  x: 274.35553625302816
  y: 11.5
  z: -1.7312509999322194
  yaw: 278.49725
  pitch: 17.464268
logoutlocation:
  world: world
  x: -26.156429170969655
  y: 68.25220334025373
  z: -525.110564588819
  yaw: 77.10809
  pitch: 23.590498
