lastAccountName: BL_AFK
timestamps:
  login: 1530875628902
  logout: 1530876808480
  lastteleport: 1530875726119
ipAddress: 106.8.231.173
lastlocation:
  world: world
  x: 2824.699999988079
  y: 35.0
  z: -2882.212879515827
  yaw: 292.19196
  pitch: 7.349985
logoutlocation:
  world: world
  x: -1705.300000011921
  y: 177.5
  z: -1772.5747503152425
  yaw: -301.3499
  pitch: 89.85
afk: false
money: '67.0'
homes:
  slm:
    world: world
    x: -184.30000001192093
    y: 63.0
    z: -144.30000001192093
    yaw: 173.09969
    pitch: 52.800045
  dy:
    world: world_nether
    x: -2.015694181972126
    y: 239.0
    z: -3.300000011920929
    yaw: -7.5465775
    pitch: 33.37051
  swz2:
    world: world
    x: 2805.300000011921
    y: 49.185512606577
    z: -2885.5
    yaw: 181.19153
    pitch: 11.849957
  nw:
    world: world
    x: -1705.300000011921
    y: 178.18551260657696
    z: -1772.5734167275248
    yaw: 267.75592
    pitch: 80.70004
