lastAccountName: opop777
timestamps:
  login: 1518688512155
  logout: 1518688609473
ipAddress: 182.106.66.0
lastlocation:
  world: world
  x: -182.71051603628217
  y: 71.0
  z: 172.55415013095396
  yaw: -90.65384
  pitch: -1.3693843
logoutlocation:
  world: zc
  x: -1.949999988079071
  y: 64.0
  z: -41.05000001192094
  yaw: 19.201374
  pitch: 25.649996
