lastAccountName: Heavate
timestamps:
  login: 1526797282734
  logout: 1526797291446
ipAddress: 43.250.200.15
logoutlocation:
  world: world
  x: -225.69999998807907
  y: 64.0
  z: 14.300000011920929
  yaw: -16.951187
  pitch: 8.6999855
