lastAccountName: Strick
timestamps:
  login: 1502005042607
  lastteleport: 1501858754139
  kits:
    tools: 1501164973292
  logout: 1502008542505
ipAddress: 14.18.34.142
lastlocation:
  world: world
  x: -173.30000001192093
  y: 70.0
  z: 185.69999998807907
  yaw: -76.50003
  pitch: -1.8000345
afk: false
logoutlocation:
  world: world
  x: -171.16517861102625
  y: 70.0
  z: 182.9630248756803
  yaw: -328.94998
  pitch: 10.649981
homes:
  diyuchengbao:
    world: world_nether
    x: 410.8440195782388
    y: 78.0
    z: 392.2316344385193
    yaw: -96.90625
    pitch: -1.5000868
  wk:
    world: zy
    x: -66.69999998807907
    y: 10.0
    z: 134.69999998807904
    yaw: -98.70705
    pitch: -26.399834
  h2:
    world: world
    x: -3787.35089589885
    y: 63.0
    z: 1482.2811151446476
    yaw: -121.86923
    pitch: -1.949991
money: '1E-15'
