lastAccountName: AE87
timestamps:
  login: 1525765972655
  lastteleport: 1525767308367
  logout: 1525767500329
ipAddress: 122.226.50.146
lastlocation:
  world: world
  x: -225.36706876682035
  y: 64.0625
  z: 14.390005902505456
  yaw: -89.40118
  pitch: -2.2500103
logoutlocation:
  world: world
  x: -14597.843481795906
  y: 70.0
  z: 721.0215122203208
  yaw: -255.61725
  pitch: -47.24998
