lastAccountName: wxdzs
timestamps:
  login: 1522503635659
  logout: 1522503853296
ipAddress: 113.94.63.192
lastlocation:
  world: spawn
  x: -1.6850928948812909
  y: -229.7569097973559
  z: -7.469284471040892
  yaw: 202.95018
  pitch: -80.100006
logoutlocation:
  world: spawn
  x: 12.39137577408039
  y: 68.0
  z: -43.31339486346728
  yaw: -28.799677
  pitch: 14.999966
