lastAccountName: W_T_F
timestamps:
  login: 1501680481583
  logout: 1501680819717
ipAddress: 223.211.78.78
lastlocation:
  world: world
  x: -179.43919329036825
  y: 76.0
  z: 174.38901890372375
  yaw: -65.99999
  pitch: -3.7500315
money: '100.0'
logoutlocation:
  world: zy
  x: -174.82885281527982
  y: 26.0
  z: 57.30000001192093
  yaw: -148.19925
  pitch: 31.649977
