lastAccountName: De_Zhao
timestamps:
  login: 1517126437046
  lastteleport: 1517122323738
  logout: 1517126439667
ipAddress: 59.45.149.20
lastlocation:
  world: world
  x: -14737.411502272944
  y: 64.0
  z: 22.30000001192093
  yaw: -323.72968
  pitch: 23.99999
money: '790.41249999999992'
homes:
  home:
    world: world_nether
    x: -1419.9853560249887
    y: 73.0
    z: -48.828351520681764
    yaw: -270.4845
    pitch: 30.149982
afk: false
logoutlocation:
  world: world
  x: -183.3611435959238
  y: 71.0
  z: 173.4048540719418
  yaw: -146.76172
  pitch: 3.9000144
