lastAccountName: LoongK
timestamps:
  login: 1519313384973
  lastteleport: 1519313470404
  logout: 1519313568172
ipAddress: 223.73.89.23
lastlocation:
  world: zc
  x: -0.5106712982528279
  y: 64.0
  z: -33.57625186241708
  yaw: -205.04968
  pitch: 5.5499883
logoutlocation:
  world: world
  x: -275.9649756502
  y: 64.0
  z: 108.66534452967315
  yaw: -130.25378
  pitch: -80.999985
