lastAccountName: nhg156
timestamps:
  login: 1520741531465
  logout: 1520741607892
ipAddress: 110.252.35.102
lastlocation:
  world: world
  x: -182.71051603628217
  y: 71.0
  z: 172.55415013095396
  yaw: -90.65384
  pitch: -1.3693843
logoutlocation:
  world: zc
  x: 16.5
  y: 59.0
  z: -4.5
  yaw: 186.30026
  pitch: 86.54999
