lastAccountName: skjaaercvb
timestamps:
  login: 1501515545347
  logout: 1501515548329
ipAddress: 101.107.84.142
lastlocation:
  world: world
  x: -180.02330014119065
  y: 76.0
  z: 173.49329652899618
  yaw: 269.85046
  pitch: 0.44985256
logoutlocation:
  world: world
  x: -225.02775299632725
  y: 72.0
  z: -31.69999998807907
  yaw: 121.94897
  pitch: 44.100006
