lastAccountName: dyxa
timestamps:
  login: 1502459896793
  logout: 1502460006568
ipAddress: 120.42.196.42
lastlocation:
  world: world
  x: -180.02330014119065
  y: 76.0
  z: 173.49329652899618
  yaw: 269.85046
  pitch: 0.44985256
logoutlocation:
  world: world
  x: -898.8813366888397
  y: 70.0
  z: -566.5636013202774
  yaw: 88.25049
  pitch: 36.749996
