lastAccountName: Zz_Xuke
timestamps:
  login: 1528329413265
  logout: 1528329513616
  lastteleport: 1528329458098
ipAddress: 123.152.200.232
lastlocation:
  world: world
  x: -201.6475152998539
  y: 64.0
  z: 13.785581027963358
  yaw: 281.45306
  pitch: 11.187913
logoutlocation:
  world: world
  x: 2566.2036832066055
  y: 81.0
  z: -817.274872562166
  yaw: -21.426758
  pitch: 38.706043
money: '100.0'
