lastAccountName: FFF
timestamps:
  login: 1502805921894
  logout: 1502806420304
  lastteleport: 1502765853241
ipAddress: 183.202.16.166
lastlocation:
  world: world
  x: -179.45040671331915
  y: 61.0
  z: 171.39374603621312
  yaw: 88.32068
  pitch: -44.54995
logoutlocation:
  world: world
  x: 146.72552049786708
  y: 65.0
  z: -2569.3519310669717
  yaw: -3.1688156
  pitch: 9.149994
money: '0.34838124999994'
afk: false
homes:
  home:
    world: world
    x: -465.3125006590666
    y: 48.0
    z: 295.5096996854038
    yaw: 9.654083
    pitch: 10.350149
