lastAccountName: FFF
timestamps:
  login: 1502198326333
  logout: 1502203830418
  lastteleport: 1502203400878
ipAddress: 183.202.19.228
lastlocation:
  world: zy
  x: -52.521723858489345
  y: 63.0
  z: -245.6585749022141
  yaw: 57.735596
  pitch: -6.899818
logoutlocation:
  world: world
  x: -260.1830528999398
  y: 80.0
  z: 322.7073686229264
  yaw: 260.99896
  pitch: 54.899982
money: '13.0'
