lastAccountName: Xi_Luo
timestamps:
  login: 1502167414242
  lastteleport: 1502167109452
  logout: 1502167681681
ipAddress: 113.117.211.154
lastlocation:
  world: world
  x: 28.146890764103276
  y: 64.0
  z: 282.1637919784296
  yaw: 164.37085
  pitch: 7.2839127
money: '4506.0'
homes:
  home:
    world: world
    x: 41.06632978726984
    y: 64.0
    z: 280.41683893931537
    yaw: 0.71118164
    pitch: 29.153875
  home2:
    world: world
    x: 34.47353360403055
    y: 64.0
    z: 291.36911510000465
    yaw: 0.47702026
    pitch: 41.64484
  home3:
    world: world
    x: -729.5453470770203
    y: 30.0
    z: -1120.1723032338002
    yaw: 23.713032
    pitch: 30.893007
logoutlocation:
  world: world
  x: 31.676487930637354
  y: 64.0
  z: 295.87274324481456
  yaw: 30.832397
  pitch: 26.184446
afk: false
