lastAccountName: Xi_Luo
timestamps:
  login: 1502025245351
  lastteleport: 1502028938934
  logout: 1502028956832
ipAddress: 113.117.210.194
lastlocation:
  world: world
  x: 343.5
  y: 251.0
  z: -189.5
  yaw: 44.61048
  pitch: 35.16099
money: '1119.0'
homes:
  home:
    world: world
    x: 343.1455399179391
    y: 251.0
    z: -189.8536476211996
    yaw: 44.69101
    pitch: 35.16099
  home2:
    world: world
    x: 34.47353360403055
    y: 64.0
    z: 291.36911510000465
    yaw: 0.47702026
    pitch: 41.64484
  home3:
    world: world
    x: -729.5453470770203
    y: 30.0
    z: -1120.1723032338002
    yaw: 23.713032
    pitch: 30.893007
logoutlocation:
  world: world
  x: 38.43330439177164
  y: 64.0
  z: 295.04318955502663
  yaw: 0.11463708
  pitch: -40.9358
afk: false
