lastAccountName: coffee
timestamps:
  login: 1517379767414
  logout: 1517380281985
ipAddress: 42.247.21.204
lastlocation:
  world: zc
  x: -6.410451925777662
  y: 51.0
  z: -7.690596070763714
  yaw: -185.09879
  pitch: 10.95005
money: '80.0'
logoutlocation:
  world: zc
  x: -0.6758436467057454
  y: 63.0
  z: -42.94999998807907
  yaw: 202.6501
  pitch: -24.300055
