lastAccountName: Endit
timestamps:
  login: 1525955851374
  lastteleport: 1525956156612
  logout: 1525956539285
ipAddress: 36.102.223.125
lastlocation:
  world: world
  x: -14731.194858929233
  y: 78.73415551683631
  z: 901.1641875946975
  yaw: 64.60422
  pitch: 20.009354
money: '50789.2102988144782'
homes:
  home:
    world: world
    x: -14915.529105091142
    y: 63.0
    z: -169.78822689199734
    yaw: -139.98322
    pitch: 20.03525
afk: false
logoutlocation:
  world: world
  x: -15115.320383050139
  y: 125.0
  z: -119.0774472130894
  yaw: 131.05835
  pitch: 31.52072
