lastAccountName: Zan_Dou_xier
timestamps:
  login: 1502088522051
  logout: 1502089229161
ipAddress: 183.192.63.251
lastlocation:
  world: world
  x: -256.2147096484865
  y: 80.0
  z: 325.6797970393078
  yaw: -187.5003
  pitch: 72.749985
money: '100.0'
logoutlocation:
  world: world
  x: -134.96270890310132
  y: 67.0
  z: 184.94822458131318
  yaw: -58.349487
  pitch: 7.9499865
