lastAccountName: SANLUDO
timestamps:
  login: 1531041998979
  lastteleport: 1531042188380
  logout: 1531042197870
ipAddress: 114.235.35.229
lastlocation:
  world: world
  x: -220.5393342666575
  y: 64.0625
  z: 14.473768191528507
  yaw: -90.75107
  pitch: 1.7999922
logoutlocation:
  world: resources
  x: 599.2769891428209
  y: 68.0
  z: 271.56185239935155
  yaw: 152.9992
  pitch: 26.849964
