lastAccountName: y_ang
timestamps:
  login: 1531404821224
  logout: 1531408568703
  lastteleport: 1531365536608
ipAddress: 183.226.214.106
logoutlocation:
  world: world
  x: -3170.574999988079
  y: 63.3125
  z: 2820.50480347859
  yaw: 268.5385
  pitch: 12.149947
lastlocation:
  world: world_the_end
  x: 271.31744606552707
  y: 11.0
  z: 0.23930714546271548
  yaw: -312.44998
  pitch: 26.400002
money: '5296.52799999999998998'
homes:
  home:
    world: world
    x: -3167.578861975956
    y: 63.0
    z: 2819.474863491466
    yaw: 182.43814
    pitch: 4.0499988
afk: false
