lastAccountName: MoKindred
timestamps:
  login: 1531636173381
  lastteleport: 1531640386037
  logout: 1531640617937
ipAddress: 121.205.175.124
lastlocation:
  world: world
  x: -1939.699999988079
  y: 62.0
  z: 1890.0758883078056
  yaw: 258.3603
  pitch: 18.761272
money: '115.484999999999999975'
logoutlocation:
  world: world
  x: -14748.979459793227
  y: 132.0
  z: 6.174461409637936
  yaw: 27.640472
  pitch: 8.075365
