lastAccountName: danxiaobeiwei
timestamps:
  login: 1528545043335
  logout: 1528545054887
  lastteleport: 1528455461246
ipAddress: 124.239.108.195
lastlocation:
  world: world
  x: 2581.753213159271
  y: 66.0
  z: -822.0745415777357
  yaw: -240.49951
  pitch: 11.699983
logoutlocation:
  world: world
  x: -157.0435417542407
  y: 64.0
  z: -231.24667152205157
  yaw: -39.622124
  pitch: -32.1
money: '468.82399999999997998'
