lastAccountName: EndlessEnd
timestamps:
  login: 1502182383984
  logout: 1502185616823
  lastteleport: 1502184409606
ipAddress: 223.87.35.126
lastlocation:
  world: world
  x: -2469.5
  y: 78.0
  z: 2751.5
  yaw: 40.19998
  pitch: -12.750004
logoutlocation:
  world: zy
  x: -338.6999999880791
  y: 11.0
  z: 174.69900715208513
  yaw: 113.548676
  pitch: 46.64999
