lastAccountName: Azure
timestamps:
  login: 1502200240357
  lastteleport: 1502203613740
  logout: 1502203795688
ipAddress: 125.119.247.138
lastlocation:
  world: zy
  x: 1856.5
  y: 52.0
  z: -2443.5
  yaw: -241.91344
  pitch: 17.850016
money: '27406.4249999999999998'
logoutlocation:
  world: world
  x: 5150.0169838297215
  y: 70.0
  z: -2864.578284252411
  yaw: -300.8689
  pitch: 24.150017
homes:
  home:
    world: zy
    x: 1853.5029379764994
    y: 52.0
    z: -2442.655911870267
    yaw: -192.41357
    pitch: 42.600002
  a:
    world: zy
    x: 1863.923592084009
    y: 11.0
    z: -2444.300000011921
    yaw: 199.08711
    pitch: 22.199984
  b:
    world: zy
    x: 386.6968829957865
    y: 31.0
    z: 3877.720278768382
    yaw: 139.32446
    pitch: -90.0
afk: false
