lastAccountName: Azure
timestamps:
  login: 1503411439766
  lastteleport: 1503411698220
  logout: 1503413306300
ipAddress: 115.206.162.203
lastlocation:
  world: zy
  x: -199.98288945185521
  y: 65.0
  z: -29.18933802349709
  yaw: -115.64958
  pitch: 12.75002
money: '29216.4249999999999998'
logoutlocation:
  world: world
  x: 5133.719625211161
  y: 81.5
  z: -2860.83008542392
  yaw: -100.813965
  pitch: 63.00002
homes:
  home:
    world: world
    x: 5150.5
    y: 69.0
    z: -2878.5
    yaw: -330.78067
    pitch: 9.750021
  a:
    world: zy
    x: 1863.923592084009
    y: 11.0
    z: -2444.300000011921
    yaw: 199.08711
    pitch: 22.199984
  b:
    world: zy
    x: 386.6968829957865
    y: 31.0
    z: 3877.720278768382
    yaw: 139.32446
    pitch: -90.0
afk: false
