lastAccountName: Azure
timestamps:
  login: 1502544995338
  lastteleport: 1502529055523
  logout: 1502548533281
ipAddress: 125.119.247.127
lastlocation:
  world: zy
  x: 1852.8627731614902
  y: 52.0
  z: -2443.295223757539
  yaw: -184.16356
  pitch: 27.749985
money: '30426.4249999999999998'
logoutlocation:
  world: world
  x: 5142.074150991911
  y: 69.0
  z: -2870.808609257706
  yaw: -127.146484
  pitch: -43.050014
homes:
  home:
    world: world
    x: 5150.5
    y: 69.0
    z: -2878.5
    yaw: -330.78067
    pitch: 9.750021
  a:
    world: zy
    x: 1863.923592084009
    y: 11.0
    z: -2444.300000011921
    yaw: 199.08711
    pitch: 22.199984
  b:
    world: zy
    x: 386.6968829957865
    y: 31.0
    z: 3877.720278768382
    yaw: 139.32446
    pitch: -90.0
afk: false
