lastAccountName: YanYuJiang_owo
timestamps:
  login: 1502020237137
  lastteleport: 1502022053798
  logout: 1502022329655
ipAddress: 60.212.34.68
lastlocation:
  world: world
  x: 366.5583895429574
  y: 61.0
  z: 875.1014641417448
  yaw: -70.20166
  pitch: 3.4499736
money: '4.25'
logoutlocation:
  world: world
  x: -180.02330014119065
  y: 76.0
  z: 173.49329652899618
  yaw: 269.85046
  pitch: 0.44985256
