lastAccountName: Sklkal
timestamps:
  login: 1531863783761
  lastteleport: 1531651331480
  logout: 1531863790982
ipAddress: 183.202.225.79
lastlocation:
  world: world
  x: -2104.0
  y: 73.0
  z: -1859.0
  yaw: 0.0
  pitch: 0.0
homes:
  home:
    world: world
    x: -15002.010168532288
    y: 64.0
    z: -282.82894751340865
    yaw: 19.379974
    pitch: -25.949999
logoutlocation:
  world: world
  x: -15078.827999121411
  y: 99.0
  z: -412.5516248126607
  yaw: 195.48094
  pitch: -0.5997914
money: '90.0'
