lastAccountName: ssdsg
timestamps:
  login: 1517207348668
  logout: 1517207881036
  lastteleport: 1516698167344
ipAddress: 14.18.33.112
lastlocation:
  world: world
  x: -4026.0311817310453
  y: 63.0
  z: 1229.694010788917
  yaw: -89.73065
  pitch: 3.1502028
money: '100.0'
logoutlocation:
  world: world
  x: -4116.119923183589
  y: 60.0
  z: 1331.635296583426
  yaw: 213.04932
  pitch: 13.800026
homes:
  home:
    world: world
    x: -4114.62791020964
    y: 60.0
    z: 1330.938690666388
    yaw: 7.4698486
    pitch: 24.300026
  wk:
    world: world
    x: -4207.3377592015
    y: 41.0
    z: 2179.699999988079
    yaw: 135.85486
    pitch: 42.30005
  zz:
    world: world
    x: -4161.662370703434
    y: 26.0
    z: 2189.699999988079
    yaw: -152.89526
    pitch: 14.249934
