lastAccountName: poipoi
timestamps:
  login: 1520317047629
  logout: 1520317090034
ipAddress: 36.149.89.237
lastlocation:
  world: world
  x: -182.71051603628217
  y: 71.0
  z: 172.55415013095396
  yaw: -90.65384
  pitch: -1.3693843
logoutlocation:
  world: zc
  x: 15.956750763107454
  y: 59.0
  z: -7.2321238623169615
  yaw: -18.29986
  pitch: 13.799998
