lastAccountName: YYNJ
timestamps:
  login: 1501716418289
  logout: 1501716435289
ipAddress: 222.242.40.217
lastlocation:
  world: world
  x: -180.02330014119065
  y: 76.0
  z: 173.49329652899618
  yaw: 269.85046
  pitch: 0.44985256
logoutlocation:
  world: world
  x: -180.0769374339233
  y: 76.0
  z: 173.07809524902274
  yaw: -349.7789
  pitch: 20.3393
