lastAccountName: baggage
timestamps:
  login: 1521349328559
  logout: 1521349878502
  lastteleport: 1521349472514
ipAddress: 183.2.198.165
lastlocation:
  world: world
  x: -184.29948996386798
  y: 71.0
  z: 172.934126969629
  yaw: 52.296165
  pitch: -1.6693861
logoutlocation:
  world: world
  x: -11.692802950810556
  y: 61.20574423282561
  z: -7.202008753535608
  yaw: -178.10443
  pitch: 17.999962
money: '100.0'
