lastAccountName: Tinatinatina
timestamps:
  login: 1502019282581
  logout: 1502021464677
ipAddress: 61.58.182.69
lastlocation:
  world: world
  x: -181.88124838102394
  y: 76.0
  z: 174.47378847034784
  yaw: -22.451782
  pitch: 6.212099
money: '325.284999999999996'
logoutlocation:
  world: world
  x: -193.1886738018108
  y: 79.0
  z: 242.54487145772515
  yaw: -260.9668
  pitch: 9.903472
