lastAccountName: Tinatinatina
timestamps:
  login: 1502364492896
  logout: 1502364818967
ipAddress: 61.58.182.69
lastlocation:
  world: world
  x: -182.48616953495537
  y: 70.0
  z: 170.88954898559754
  yaw: -61.186523
  pitch: 17.174948
money: '87.284999999999996'
logoutlocation:
  world: world
  x: -246.66063802951405
  y: 80.0
  z: 235.34433141208444
  yaw: -137.86688
  pitch: 26.222322
