lastAccountName: Tinatinatina
timestamps:
  login: 1502876606348
  logout: 1502877147734
  lastteleport: 1502609570932
ipAddress: 61.58.182.69
lastlocation:
  world: world
  x: 88.63442662577033
  y: 70.0
  z: 2186.3625181678226
  yaw: -91.42694
  pitch: 15.813024
money: '27.284999999999996'
logoutlocation:
  world: zy_nether
  x: -180.69007947247155
  y: 52.0
  z: -326.8450629472608
  yaw: -358.13007
  pitch: 5.913265
