lastAccountName: kangge
timestamps:
  login: 1530774823796
  logout: 1530775306537
ipAddress: 61.141.253.136
lastlocation:
  world: world
  x: -184.2857224491703
  y: 71.0
  z: 155.42836129769648
  yaw: -71.06763
  pitch: 46.09489
logoutlocation:
  world: world
  x: -131.0
  y: 64.0
  z: 204.0
  yaw: 27.194847
  pitch: -41.72691
afk: false
