lastAccountName: yyh
timestamps:
  login: 1502357571256
  lastteleport: 1502355688776
  logout: 1502365664605
ipAddress: 39.151.228.254
lastlocation:
  world: world
  x: -180.02330014119065
  y: 76.0
  z: 173.49329652899618
  yaw: 269.85046
  pitch: 0.44985256
money: '70.0'
logoutlocation:
  world: world
  x: -43.509085890311084
  y: 70.0
  z: 196.62282287881538
  yaw: 0.6548757
  pitch: 6.149965
afk: false
