lastAccountName: zjhon
timestamps:
  login: 1503395033959
  logout: 1503395140415
ipAddress: 115.50.234.105
lastlocation:
  world: world
  x: -180.07367006594382
  y: 76.0
  z: 173.48296031175605
  yaw: -89.15385
  pitch: 1.6305984
logoutlocation:
  world: world
  x: -180.83516373947873
  y: 70.0
  z: 172.61103932669616
  yaw: -276.80377
  pitch: 15.730601
