lastAccountName: GhostShark
timestamps:
  login: 1522477476903
  logout: 1522477561971
ipAddress: 218.67.254.96
lastlocation:
  world: spawn
  x: 223.0
  y: -137.33633536258694
  z: 112.0
  yaw: -309.0
  pitch: -84.600006
logoutlocation:
  world: spawn
  x: 223.0
  y: -137.33633536258694
  z: 112.0
  yaw: -309.0
  pitch: -84.600006
