lastAccountName: Jioke
timestamps:
  login: 1517915578678
  lastteleport: 1517885544882
  logout: 1517915674310
ipAddress: 125.77.99.123
lastlocation:
  world: world
  x: -147.87481529106316
  y: 74.0
  z: 132.63856163742508
  yaw: -311.0979
  pitch: 10.756972
logoutlocation:
  world: world
  x: 119.05211888836874
  y: 55.0
  z: 2242.1126791444735
  yaw: -149.77934
  pitch: -10.612874
money: '20100'
