lastAccountName: yiss
timestamps:
  login: 1541314169498
  logout: 1541318685127
  lastteleport: 1541317767915
ipAddress: 101.106.120.27
lastlocation:
  world: world
  x: -420.9563793917884
  y: 66.0
  z: -396.7419680399955
  yaw: 346.88992
  pitch: 15.235264
money: '0.0'
logoutlocation:
  world: world
  x: -402.534525280355
  y: 63.0
  z: 387.37574295489657
  yaw: -277.00507
  pitch: 1.5589397
