lastAccountName: Yailay
timestamps:
  login: 1517223359963
  lastteleport: 1517197493277
  logout: 1517232909850
ipAddress: 119.130.68.200
lastlocation:
  world: zy
  x: -115.69999998807904
  y: 62.0
  z: 420.30000001192093
  yaw: -173.40552
  pitch: 0.6000338
money: '100.0'
logoutlocation:
  world: world
  x: -3696.519530529966
  y: 70.0
  z: 1511.723094588474
  yaw: 223.76538
  pitch: 85.95
afk: false
