lastAccountName: Michaels_Karl
timestamps:
  login: 1531976493656
  lastteleport: 1531977431500
  logout: 1531977831188
ipAddress: 58.16.47.75
lastlocation:
  world: world
  x: -1.8382141681771458
  y: 11.0
  z: -1879.3941433599477
  yaw: -193.3418
  pitch: 41.549503
homes:
  home:
    world: world
    x: -5.065007589420813
    y: 11.0
    z: -1877.9529342819842
    yaw: -358.63263
    pitch: -4.200399
  md:
    world: world_the_end
    x: 271.48654863082714
    y: 11.0
    z: 0.18394512797976642
    yaw: -88.17511
    pitch: 0.45023263
  kd:
    world: resources
    x: 608.4374221998585
    y: 11.0
    z: 165.5153198267568
    yaw: 132.72522
    pitch: 20.400082
  jia:
    world: world
    x: 3209.232168743836
    y: 66.0
    z: -2596.7220781551773
    yaw: -280.64703
    pitch: 6.4501243
afk: false
logoutlocation:
  world: world
  x: 3215.978669452613
  y: 15.0
  z: -2577.8073306497913
  yaw: -213.50842
  pitch: 16.349901
money: '5430.1'
