lastAccountName: motherfucker
timestamps:
  login: 1502381898022
  lastteleport: 1502215101412
  logout: 1502382022047
ipAddress: 183.24.141.42
lastlocation:
  world: world
  x: 11.95721310561667
  y: 63.0
  z: 4.806521305195648
  yaw: 350.66058
  pitch: 17.723904
money: '1381.749999999999998'
logoutlocation:
  world: world
  x: 11.66
  y: 63.0
  z: 4.49
  yaw: -165.96437
  pitch: 88.457825
afk: false
