lastAccountName: ghost
timestamps:
  login: 1502418526212
  logout: 1502423153746
ipAddress: 183.24.141.79
lastlocation:
  world: world
  x: -180.26419360527245
  y: 76.0
  z: 171.99808313464743
  yaw: 71.42537
  pitch: -7.3637686
money: '2544.819999999999999'
logoutlocation:
  world: world
  x: -526.5902773555807
  y: 66.0
  z: 565.4152598905395
  yaw: -29.663136
  pitch: 8.21095
