lastAccountName: biglod
timestamps:
  login: 1502338124799
  logout: 1502338577973
  lastteleport: 1502338262328
ipAddress: 101.233.226.77
lastlocation:
  world: world
  x: 778.9623123580761
  y: 64.0
  z: -1886.2189189976646
  yaw: -4.5320435
  pitch: 22.66857
money: '2730.5'
logoutlocation:
  world: world
  x: -270.89220634478244
  y: 74.0
  z: 352.69999998807907
  yaw: 337.80896
  pitch: 43.800037
homes:
  home:
    world: world
    x: -268.3826817335749
    y: 74.0
    z: 357.3755100214187
    yaw: -154.76672
    pitch: -9.670436E-4
  a:
    world: world
    x: -358.57562048590376
    y: 67.0
    z: 653.9597038290975
    yaw: -236.8876
    pitch: 30.599993
  b:
    world: zy
    x: -264.30000001192093
    y: 7.0
    z: 132.3000000119209
    yaw: -18.328613
    pitch: 10.500105
