lastAccountName: biglod
timestamps:
  login: 1507110912641
  logout: 1507111351729
  lastteleport: 1507103906799
ipAddress: 175.191.31.94
lastlocation:
  world: world
  x: -14746.570468950698
  y: 132.0
  z: 7.878593384819002
  yaw: -171.70355
  pitch: -30.750034
money: '1582.5'
logoutlocation:
  world: world
  x: -14745.605151881173
  y: 132.0
  z: 5.506578878339468
  yaw: 6.3466187
  pitch: 29.999807
homes:
  home:
    world: world
    x: -268.3826817335749
    y: 74.0
    z: 357.3755100214187
    yaw: -154.76672
    pitch: -9.670436E-4
  a:
    world: world
    x: 32.81052147669121
    y: 71.0
    z: 2206.129462008625
    yaw: -210.71301
    pitch: 20.28485
  b:
    world: zy
    x: -264.30000001192093
    y: 7.0
    z: 132.3000000119209
    yaw: -18.328613
    pitch: 10.500105
  c:
    world: world
    x: -3671.5
    y: 72.0
    z: 1526.5
    yaw: 0.0
    pitch: 0.0
afk: false
