lastAccountName: biglod
timestamps:
  login: 1502887532783
  logout: 1502884897830
  lastteleport: 1502887273264
ipAddress: 101.233.227.164
lastlocation:
  world: world
  x: -174.58277652096027
  y: 61.0
  z: 180.23750001192093
  yaw: -106.380005
  pitch: -35.550003
money: '2582.5'
logoutlocation:
  world: world
  x: -3756.673681140653
  y: 68.0
  z: 1587.4924375961955
  yaw: -207.76978
  pitch: 32.3999
homes:
  home:
    world: world
    x: -268.3826817335749
    y: 74.0
    z: 357.3755100214187
    yaw: -154.76672
    pitch: -9.670436E-4
  a:
    world: world
    x: 32.81052147669121
    y: 71.0
    z: 2206.129462008625
    yaw: -210.71301
    pitch: 20.28485
  b:
    world: zy
    x: -264.30000001192093
    y: 7.0
    z: 132.3000000119209
    yaw: -18.328613
    pitch: 10.500105
afk: false
