lastAccountName: Mrcao
timestamps:
  login: 1531053266493
  logout: 1531053510643
ipAddress: 125.111.2.196
lastlocation:
  world: world
  x: -225.36706876682035
  y: 64.0
  z: 14.390005902505456
  yaw: -89.40118
  pitch: -2.2500103
logoutlocation:
  world: world
  x: -213.49169604580098
  y: 70.0
  z: 117.43429907999555
  yaw: -88.79968
  pitch: -15.750002
