lastAccountName: xiao_quan_ze
timestamps:
  login: 1532087760111
  lastteleport: 1532091067789
  logout: 1532091575363
ipAddress: 115.151.118.143
lastlocation:
  world: world
  x: -24.97723126784736
  y: 63.0
  z: -106.96401294538866
  yaw: 268.19238
  pitch: 33.150063
homes:
  home:
    world: world
    x: -15.668350284567817
    y: 64.5
    z: -103.25778126829941
    yaw: 180.89679
    pitch: 4.0499797
afk: false
logoutlocation:
  world: world
  x: -2242.0061091334105
  y: 65.00832648800639
  z: 3917.122824365286
  yaw: -138.31549
  pitch: 76.64996
money: '7855.299999999999797'
