lastAccountName: yy_1
timestamps:
  login: 1531777711265
  logout: 1531777807396
ipAddress: 183.131.116.82
lastlocation:
  world: world
  x: -225.36706876682035
  y: 64.0
  z: 14.390005902505456
  yaw: -89.40118
  pitch: -2.2500103
logoutlocation:
  world: world
  x: -209.32383556406475
  y: 64.0
  z: 14.577989974757656
  yaw: -93.00116
  pitch: 1.349998
