lastAccountName: a2060493577
timestamps:
  login: 1502100248399
  lastteleport: 1502102917541
  logout: 1502103585326
ipAddress: 182.112.28.214
lastlocation:
  world: world_nether
  x: 8.30957528568735
  y: 99.0
  z: -11.76952373643113
  yaw: -188.28815
  pitch: 26.99999
money: '100.0'
logoutlocation:
  world: world_nether
  x: -178.6146096962047
  y: 93.0
  z: -6.37238250308733
  yaw: -229.98703
  pitch: 7.199962
homes:
  home:
    world: world
    x: 340.19444830527425
    y: 251.0
    z: -188.73994387728487
    yaw: 358.6131
    pitch: 15.150635
afk: false
