lastAccountName: a2060493577
timestamps:
  login: 1501681963868
  lastteleport: 1501682133113
  logout: 1501682188980
ipAddress: 61.53.85.204
lastlocation:
  world: world_nether
  x: -11.25833919017218
  y: 65.0
  z: -86.02369567283579
  yaw: -124.53653
  pitch: 47.250004
money: '100.0'
logoutlocation:
  world: world
  x: 336.09365772903294
  y: 251.0
  z: -191.54118426790714
  yaw: 353.51373
  pitch: 28.350693
homes:
  home:
    world: world
    x: 340.19444830527425
    y: 251.0
    z: -188.73994387728487
    yaw: 358.6131
    pitch: 15.150635
afk: false
