lastAccountName: WindChange
timestamps:
  login: 1516945117540
  lastteleport: 1516880285303
  logout: 1516945426118
ipAddress: 124.116.240.47
lastlocation:
  world: zy
  x: -3.7889959797741932
  y: 67.0
  z: 43.31686191039215
  yaw: -281.64368
  pitch: 70.04994
money: '100.0'
afk: false
logoutlocation:
  world: zy
  x: -263.3672424870559
  y: 71.0
  z: 218.4835614181261
  yaw: -108.89978
  pitch: 16.349962
