lastAccountName: Gua_xiao_ye
timestamps:
  login: 1517832726447
  logout: 1517832759993
ipAddress: 120.239.75.215
logoutlocation:
  world: world
  x: -14735.300000011921
  y: 135.0
  z: -20.69999998807907
  yaw: 82.69968
  pitch: 11.515183
