lastAccountName: xPrincipLZ_d
timestamps:
  login: 1518004508546
  logout: 1518004806014
ipAddress: 171.108.153.152
lastlocation:
  world: zc
  x: 11.178337445602264
  y: 70.0
  z: -29.41214116761004
  yaw: 78.7511
  pitch: 32.84997
money: '100.0'
logoutlocation:
  world: world
  x: -35.938466753766505
  y: 54.34206303001166
  z: 172.6209641939138
  yaw: 130.8006
  pitch: -12.750024
