lastAccountName: KG231
timestamps:
  login: 1530786460851
  lastteleport: 1530786965703
  logout: 1530787108346
ipAddress: 119.123.198.23
lastlocation:
  world: world
  x: -2421.0
  y: 68.5
  z: 3739.0
  yaw: -4.298571
  pitch: 58.22795
afk: false
money: '6005.1999999999997'
logoutlocation:
  world: world
  x: 15.650014769847928
  y: 77.0
  z: -690.3672696099873
  yaw: -261.18405
  pitch: -90.0
