lastAccountName: CrazyPang
timestamps:
  login: 1503819415316
  logout: 1503819482257
ipAddress: 103.85.187.153
lastlocation:
  world: world
  x: -180.07367006594382
  y: 76.0
  z: 173.48296031175605
  yaw: -89.15385
  pitch: 1.6305984
logoutlocation:
  world: world
  x: -180.1045786088146
  y: 76.0
  z: 171.34229563077136
  yaw: 134.7962
  pitch: 27.4306
