lastAccountName: Zhu_Wen
timestamps:
  login: 1501711794837
  logout: 1501711882746
ipAddress: 112.28.142.40
lastlocation:
  world: world
  x: -180.02330014119065
  y: 76.0
  z: 173.49329652899618
  yaw: 269.85046
  pitch: 0.44985256
logoutlocation:
  world: world
  x: -216.49225614936304
  y: 76.0
  z: 152.30000001192093
  yaw: -227.85081
  pitch: 37.64999
