lastAccountName: zh_233
timestamps:
  login: 1523168720795
  lastteleport: 1523168549598
  logout: 1523169044354
ipAddress: 36.188.113.79
lastlocation:
  world: spawn
  x: 18.655457903204443
  y: 59.0
  z: -4.445100731196251
  yaw: 97.80026
  pitch: 19.19998
logoutlocation:
  world: world
  x: 2593.8991322274032
  y: 69.0
  z: -699.458484496654
  yaw: -307.80432
  pitch: 18.750013
