lastAccountName: lan_ci
timestamps:
  login: 1532265175576
  logout: 1532265179380
ipAddress: 180.97.200.237
lastlocation:
  world: world
  x: -225.36706876682035
  y: 64.0
  z: 14.390005902505456
  yaw: -89.40118
  pitch: -2.2500103
logoutlocation:
  world: world
  x: -231.69838108125967
  y: 72.0
  z: -41.61769056834772
  yaw: -197.76344
  pitch: 22.78625
