lastAccountName: Morro
timestamps:
  login: 1542116902197
  logout: 1542117363987
ipAddress: 110.188.236.61
lastlocation:
  world: world
  x: -225.36706876682035
  y: 64.0
  z: 14.390005902505456
  yaw: -89.40118
  pitch: -2.2500103
logoutlocation:
  world: world
  x: -178.175174334204
  y: 89.0
  z: 94.88938789694026
  yaw: 19.499817
  pitch: 9.300011
