lastAccountName: GreenGrass115
timestamps:
  login: 1531967181132
  lastteleport: 1531714353557
  logout: 1531967188508
ipAddress: 125.79.130.202
lastlocation:
  world: world
  x: -2103.0
  y: 73.5625
  z: -1856.0
  yaw: 291.3
  pitch: 23.54999
money: '35308.5'
homes:
  home:
    world: world
    x: -2097.5443796769155
    y: 72.0
    z: -1854.699999988079
    yaw: -169.64978
    pitch: 13.500003
  home2:
    world: world
    x: -832.2216532648216
    y: 67.0
    z: -63.21836932266591
    yaw: 311.54724
    pitch: 15.74996
  home3:
    world: world
    x: -3011.059170787133
    y: 68.0
    z: -3980.2967740357867
    yaw: -177.68842
    pitch: 19.94998
logoutlocation:
  world: world
  x: -1447.110131280067
  y: 63.0
  z: -958.356135069543
  yaw: 97.59556
  pitch: 3.4498262
afk: false
