lastAccountName: lee
timestamps:
  login: 1532429674835
  logout: 1532429937160
  lastteleport: 1531304044030
ipAddress: 60.26.117.144
lastlocation:
  world: world
  x: 2558.5429382545785
  y: 81.88031969838003
  z: -935.229472980493
  yaw: -48.047394
  pitch: 31.199986
logoutlocation:
  world: world
  x: 73.65029962546824
  y: 92.29919548107023
  z: 1827.982695102484
  yaw: 229.69817
  pitch: 76.79991
money: '198086.4949999999999598'
afk: false
