lastAccountName: MR_xing
timestamps:
  login: 1524301745034
  lastteleport: 1524301852414
  logout: 1524302232720
ipAddress: 106.59.216.15
lastlocation:
  world: spawn
  x: 5.0082753305749295
  y: 59.9375
  z: -3.10624524193877
  yaw: 10.650055
  pitch: 22.649973
logoutlocation:
  world: world
  x: -14715.210873664175
  y: 66.0
  z: 23.69999998807907
  yaw: -8.129578
  pitch: 1.199998
