lastAccountName: yuhanQAQ
timestamps:
  login: 1524467805611
  lastteleport: 1524468005452
  logout: 1524468101954
ipAddress: 120.229.82.103
lastlocation:
  world: resources
  x: -187.4531449057322
  y: 62.0
  z: 239.29078803559776
  yaw: -210.15094
  pitch: 29.999977
logoutlocation:
  world: resources
  x: -187.4531449057322
  y: 62.0
  z: 239.29078803559776
  yaw: -210.15094
  pitch: 29.999977
