lastAccountName: Lp20
timestamps:
  login: 1504349039410
  lastteleport: 1503394966606
  logout: 1504349065632
ipAddress: 27.155.242.38
lastlocation:
  world: world
  x: -745.0263020491332
  y: 70.0
  z: 629.8575492964325
  yaw: 4.749991
  pitch: 10.350029
money: '214.00'
homes:
  cz:
    world: world
    x: 4864.5
    y: 68.0
    z: 11823.5
    yaw: -332.34473
    pitch: 5.699961
  fms:
    world: world
    x: 7695.0971912080995
    y: 65.0
    z: 11088.291520790872
    yaw: -114.39958
    pitch: 8.699993
  c:
    world: world
    x: 133.979240957672
    y: 64.0
    z: 2241.7742442761896
    yaw: 115.35003
    pitch: 9.45
logoutlocation:
  world: world
  x: 124.90930862338523
  y: 64.0
  z: 2235.266646247357
  yaw: -288.81818
  pitch: 25.288637
afk: false
