lastAccountName: Lp20
timestamps:
  login: 1502887542762
  lastteleport: 1502887637780
  logout: 1502872513278
ipAddress: 27.155.241.10
lastlocation:
  world: world
  x: 24431.010793010773
  y: 74.0
  z: 2159.9022608783052
  yaw: -169.87213
  pitch: 20.87261
money: '3880.12'
homes:
  cz:
    world: world
    x: 4864.5
    y: 68.0
    z: 11823.5
    yaw: -332.34473
    pitch: 5.699961
  fms:
    world: world
    x: 7695.0971912080995
    y: 65.0
    z: 11088.291520790872
    yaw: -114.39958
    pitch: 8.699993
  c:
    world: world
    x: 133.979240957672
    y: 64.0
    z: 2241.7742442761896
    yaw: 115.35003
    pitch: 9.45
logoutlocation:
  world: world
  x: 4850.531322363565
  y: 69.0
  z: 11843.673290859437
  yaw: -186.89746
  pitch: 34.04982
afk: false
