lastAccountName: tianchenyunxi
timestamps:
  login: 1532004052533
  logout: 1532005274403
  lastteleport: 1532005077867
ipAddress: 61.181.5.240
lastlocation:
  world: world
  x: -159.86213583961978
  y: 11.0
  z: 16.96572168731294
  yaw: -315.00473
  pitch: 47.85006
logoutlocation:
  world: world
  x: -159.86213583961978
  y: 11.0
  z: 16.96572168731294
  yaw: -315.00473
  pitch: 47.85006
