lastAccountName: jyalan
timestamps:
  login: 1525496099491
  lastteleport: 1525502345819
  logout: 1525503795315
ipAddress: 116.9.39.232
lastlocation:
  world: world
  x: -15075.699999988079
  y: 72.0
  z: -402.2535433513556
  yaw: -13.46064
  pitch: 17.09934
homes:
  home:
    world: world
    x: -15075.498957505028
    y: 81.0
    z: -398.4335814993317
    yaw: -127.31067
    pitch: 17.999352
money: '57641.92349999999993'
logoutlocation:
  world: world
  x: -15076.594888247166
  y: 98.5
  z: -375.59801435947
  yaw: 75.78638
  pitch: -3.7500076
afk: false
