lastAccountName: TPSkt
timestamps:
  login: 1530849459904
  lastteleport: 1530851808207
  logout: 1530852641104
ipAddress: 42.80.239.136
lastlocation:
  world: resources
  x: 607.6780407241631
  y: 64.0
  z: 278.12237443366587
  yaw: -60.59978
  pitch: 25.649904
logoutlocation:
  world: resources
  x: 823.9250000119209
  y: 64.0
  z: 141.30000001192093
  yaw: 344.85077
  pitch: -0.14997444
afk: false
money: '376.7'
