lastAccountName: strickczq
timestamps:
  login: 1532422956273
  logout: 1532422990933
  lastteleport: 1527389233497
  jail: 0
ipAddress: 223.73.119.145
lastlocation:
  world: world
  x: -3938.4626360784287
  y: 84.24864011139945
  z: 1400.3536952903542
  yaw: -108.30713
  pitch: 46.799953
money: '30314.535'
afk: false
logoutlocation:
  world: world_nether
  x: 141.99375918380753
  y: 44.0
  z: -67.33536479064998
  yaw: -116.847824
  pitch: 61.649998
homes:
  home:
    world: world
    x: -3957.7172903282835
    y: 63.0
    z: 1440.5594514768522
    yaw: -353.57874
    pitch: 15.749921
  dyib:
    world: world_nether
    x: -406.9628616410213
    y: 78.0
    z: -161.9250000119209
    yaw: -122.70189
    pitch: 24.30008
  cun1:
    world: zy
    x: -662.7522807298658
    y: 71.0
    z: -1975.6631507727589
    yaw: -94.95819
    pitch: 26.249935
  ohome:
    world: world
    x: -30.458327101640634
    y: 117.0
    z: 182.00516784132336
    yaw: -104.85132
    pitch: 13.200009
jailed: false
