lastAccountName: strickczq
timestamps:
  login: 1502782389885
  logout: 1502782905731
  lastteleport: 1502703922225
  jail: 0
ipAddress: 14.18.32.184
lastlocation:
  world: world
  x: -30.85308611636271
  y: 117.0
  z: 185.61552307617808
  yaw: -1.7995996
  pitch: 36.45003
money: '20537.835'
afk: false
logoutlocation:
  world: zy
  x: -665.3706516821962
  y: 64.0
  z: -1981.9073960245098
  yaw: -326.8351
  pitch: 16.35001
homes:
  wk:
    world: zy
    x: -69.53608628511006
    y: 8.0
    z: -8.560093536161425
    yaw: 106.48036
    pitch: 82.350044
  home:
    world: world
    x: -3957.7172903282835
    y: 63.0
    z: 1440.5594514768522
    yaw: -353.57874
    pitch: 15.749921
  dyib:
    world: world_nether
    x: -406.9628616410213
    y: 78.0
    z: -161.9250000119209
    yaw: -122.70189
    pitch: 24.30008
  cun1:
    world: zy
    x: -662.7522807298658
    y: 71.0
    z: -1975.6631507727589
    yaw: -94.95819
    pitch: 26.249935
jailed: false
