lastAccountName: strickczq
timestamps:
  login: 1502003889099
  logout: 1502008602553
  lastteleport: 1502008245360
ipAddress: 14.18.34.142
lastlocation:
  world: world
  x: -41.8898304095711
  y: 64.0
  z: 192.64710162417032
  yaw: -267.7504
  pitch: 2.5499742
money: '19126.01'
afk: false
logoutlocation:
  world: world
  x: -33.687176311388626
  y: 117.0
  z: 184.30000001192093
  yaw: -169.49998
  pitch: 83.24995
