lastAccountName: Noaga7LP
timestamps:
  login: 1520745094685
  lastteleport: 1520744330329
  logout: 1520746145671
ipAddress: 110.252.35.102
lastlocation:
  world: zy
  x: -263.5824264846837
  y: 65.0
  z: 218.49095989224156
  yaw: -99.96109
  pitch: 0.14993389
money: '1140.91'
afk: false
logoutlocation:
  world: zy
  x: -131.17544895117214
  y: 67.0
  z: 232.78871523776652
  yaw: 24.453384
  pitch: 25.949955
