lastAccountName: Benmcworld
timestamps:
  login: 1503481246326
  logout: 1503481318637
ipAddress: 119.2.128.161
lastlocation:
  world: world
  x: -180.07367006594382
  y: 76.0
  z: 173.48296031175605
  yaw: -89.15385
  pitch: 1.6305984
logoutlocation:
  world: world
  x: -193.88755073354437
  y: 62.0
  z: 189.30000001192093
  yaw: -109.42898
  pitch: 5.931401
