lastAccountName: Ashin3
timestamps:
  login: 1518659253965
  logout: 1518659418111
ipAddress: 112.225.102.188
lastlocation:
  world: zc
  x: 16.957126624561017
  y: 59.0
  z: -5.6166572747311445
  yaw: 179.85046
  pitch: 7.949957
money: '100.0'
logoutlocation:
  world: zy
  x: -275.8006841701021
  y: 72.0
  z: 388.885322880884
  yaw: -83.99887
  pitch: 14.700036
