lastAccountName: WindChange
timestamps:
  login: 1528811355577
  lastteleport: 1519122445911
  logout: 1528811361230
ipAddress: 59.83.199.148
lastlocation:
  world: world
  x: -3777.784085772214
  y: 54.0
  z: 1492.862500011921
  yaw: -26.09842
  pitch: -12.900016
logoutlocation:
  world: world
  x: -6.49056955146223
  y: 12.0
  z: 37.98534890351672
  yaw: 43.786926
  pitch: 68.850044
