lastAccountName: Jiuwang
timestamps:
  login: 1541310602564
  lastteleport: 1530344287066
  logout: 1541310642008
ipAddress: 223.90.188.138
lastlocation:
  world: world
  x: -219.3397116948392
  y: 64.0625
  z: 13.85349919949914
  yaw: -282.90118
  pitch: 46.2
logoutlocation:
  world: world
  x: 2582.420008090654
  y: 65.0
  z: -815.5758284235213
  yaw: 116.0482
  pitch: 4.0500054
