lastAccountName: Agnessss
timestamps:
  login: 1502960457439
  logout: 1502960588476
ipAddress: 58.250.8.122
lastlocation:
  world: world
  x: 780.1269107777796
  y: 64.0
  z: -1885.5006931340995
  yaw: -88.23094
  pitch: 1.1999743
logoutlocation:
  world: world
  x: 781.3475052036398
  y: 64.0
  z: -1885.8576277227405
  yaw: -130.8324
  pitch: 23.549955
