lastlocation:
  world: world
  x: 772.4676812964573
  y: 67.9375
  z: -1904.7041321025401
  yaw: 340.01913
  pitch: 75.749954
lastAccountName: HailayLin
timestamps:
  login: 1502871591883
  logout: 1502873083308
  lastteleport: 1502871723943
ipAddress: 115.175.226.9
logoutlocation:
  world: world
  x: 772.3088600441987
  y: 64.0
  z: -1885.3026183765937
  yaw: 99.26816
  pitch: 14.699949
afk: false
money: '5023.9315'
homes:
  home:
    world: world
    x: -3974.458129801323
    y: 63.0
    z: 1393.3993156840581
    yaw: -178.07172
    pitch: 3.8999774
  paotu:
    world: zy
    x: 5385.192694778308
    y: 66.0
    z: -6033.632891763655
    yaw: 2.849975
    pitch: -4.7999864
  gzs:
    world: world
    x: -128.05067185961693
    y: 64.0
    z: 221.95509035841545
    yaw: 114.44959
    pitch: 64.05002
