lastlocation:
  world: world
  x: -3780.2645311911174
  y: 63.0
  z: 1504.396675226686
  yaw: 307.1785
  pitch: 23.850044
lastAccountName: HailayLin
timestamps:
  login: 1502424074328
  logout: 1502424149714
  lastteleport: 1502377247868
ipAddress: 117.136.79.59
logoutlocation:
  world: world
  x: -135.04672804855832
  y: 64.0
  z: 186.6257032441475
  yaw: -165.60075
  pitch: 36.3
afk: false
money: '6479.1315'
homes:
  home:
    world: world
    x: -3974.458129801323
    y: 63.0
    z: 1393.3993156840581
    yaw: -178.07172
    pitch: 3.8999774
  paotu:
    world: zy
    x: 5385.192694778308
    y: 66.0
    z: -6033.632891763655
    yaw: 2.849975
    pitch: -4.7999864
  gzs:
    world: world
    x: -128.05067185961693
    y: 64.0
    z: 221.95509035841545
    yaw: 114.44959
    pitch: 64.05002
