lastlocation:
  world: world
  x: -14983.74982717033
  y: 63.0
  z: 337.53050433730476
  yaw: -108.17529
  pitch: 20.999928
lastAccountName: HailayLin
timestamps:
  login: 1502035568377
  logout: 1502037448824
  lastteleport: 1502027212403
ipAddress: 121.68.118.126
logoutlocation:
  world: world
  x: -131.69999998807907
  y: 64.0
  z: 217.23750001192093
  yaw: 256.0495
  pitch: 21.600035
afk: false
money: '1433.0'
homes:
  home:
    world: world
    x: -3764.8774339539323
    y: 63.0
    z: 1548.6607701535338
    yaw: 91.02826
    pitch: 5.849976
  paotu:
    world: zy
    x: -959.6644863525287
    y: 74.0
    z: -2867.9637336109727
    yaw: -354.95605
    pitch: 33.000004
