lastAccountName: zhong8
timestamps:
  login: 1530539795298
  logout: 1530539818012
ipAddress: 183.13.9.142
lastlocation:
  world: world
  x: -225.36706876682035
  y: 64.0
  z: 14.390005902505456
  yaw: -89.40118
  pitch: -2.2500103
logoutlocation:
  world: world
  x: -225.5
  y: 64.0
  z: 14.5
  yaw: -85.95116
  pitch: -1.200002
