lastAccountName: woshixxpp
timestamps:
  login: 1502887615090
  lastteleport: 1502886963713
  logout: 1502873090719
ipAddress: 106.5.200.161
lastlocation:
  world: world
  x: -3812.2096287539
  y: 64.0
  z: 1499.714373096968
  yaw: 104.529594
  pitch: 22.949919
money: '1.699999999999996'
homes:
  home:
    world: world
    x: -38.61938462283502
    y: 67.0
    z: 102.43454818184644
    yaw: 4.6523438
    pitch: 40.94996
logoutlocation:
  world: world
  x: -39.82312263376893
  y: 63.0
  z: 109.10608956457492
  yaw: 8.852356
  pitch: 17.549988
afk: false
