lastAccountName: xiaohu0916
timestamps:
  login: 1532158243640
  lastteleport: 1532162574235
  logout: 1532162699308
ipAddress: 223.104.254.217
lastlocation:
  world: world
  x: 2569.440833139788
  y: 70.0625
  z: -856.9542348607614
  yaw: -105.49945
  pitch: 19.949991
money: '5394.33599999999997'
homes:
  home:
    world: world
    x: -327.04092382786075
    y: 79.0
    z: 116.85884956246643
    yaw: 72.14545
    pitch: 22.950117
  home1:
    world: world
    x: -109.89018619813031
    y: 65.0
    z: -367.7520587621462
    yaw: 92.24998
    pitch: 40.65001
  home2:
    world: world
    x: -183.96799640469166
    y: 17.0
    z: -162.34072779660997
    yaw: 347.7464
    pitch: 34.50009
  home4:
    world: world
    x: -183.8146129037533
    y: 37.0
    z: -143.60969339432452
    yaw: 86.546616
    pitch: 15.899986
logoutlocation:
  world: world
  x: -104.39689524943479
  y: 63.9375
  z: -367.39592257263195
  yaw: 279.3841
  pitch: 45.000835
afk: false
