lastAccountName: ffSupver
timestamps:
  login: 1518060492203
  logout: 1518061637633
ipAddress: 59.42.37.133
lastlocation:
  world: world
  x: -3761.9251959161834
  y: 63.0
  z: 1582.6939979877789
  yaw: -128.88379
  pitch: 9.900026
money: '100.0'
logoutlocation:
  world: zy
  x: -281.86582435126286
  y: 68.0
  z: 299.1701473870569
  yaw: -317.54956
  pitch: 3.4500027
