lastAccountName: timme
timestamps:
  login: 1531916707746
  logout: 1531916791894
  lastteleport: 1531896472685
ipAddress: 59.63.206.222
lastlocation:
  world: world
  x: 2582.305386224503
  y: 70.0
  z: -742.8559582172281
  yaw: -272.96454
  pitch: -25.050066
logoutlocation:
  world: world
  x: 54.33667456130374
  y: 65.0
  z: 53.23804065903945
  yaw: 316.3551
  pitch: 0.6000027
afk: false
homes:
  home:
    world: resources
    x: 763.0979045110333
    y: 67.0
    z: 633.072734435232
    yaw: -230.70007
    pitch: 11.5499325
money: '3903.5'
