lastAccountName: Leoooooooo
timestamps:
  login: 1531395337607
  logout: 1531395395423
  lastteleport: 1531394055705
ipAddress: 106.92.247.172
lastlocation:
  world: resources
  x: 674.3000000119209
  y: 9.0
  z: 345.0596428734832
  yaw: 356.40186
  pitch: -7.199924
logoutlocation:
  world: resources
  x: 675.2922259828943
  y: 11.0
  z: 313.85272864735543
  yaw: 238.96375
  pitch: 26.24995
homes:
  island:
    world: world
    x: 24.73612424504593
    y: 70.0
    z: 2699.9525011775763
    yaw: 177.80103
    pitch: 9.599924
  base:
    world: world
    x: 1.8455854025774472
    y: 71.0
    z: 4577.397781671235
    yaw: 274.64722
    pitch: 20.39994
  mine:
    world: resources
    x: 675.2215548383142
    y: 11.0
    z: 314.1293014556533
    yaw: 272.3996
    pitch: 19.349966
money: '400.1'
afk: false
