lastAccountName: Tianran_
timestamps:
  login: 1528466944739
  lastteleport: 1528028648502
  logout: 1528467023604
ipAddress: 117.139.161.96
lastlocation:
  world: world
  x: -229.81001433627463
  y: 85.0
  z: 42.18987436707682
  yaw: -313.3363
  pitch: -27.85575
logoutlocation:
  world: world
  x: -219.89151551059211
  y: 78.0
  z: 33.10801293716559
  yaw: 151.46121
  pitch: 17.721272
