lastAccountName: Devil_
timestamps:
  login: 1532326990037
  lastteleport: 1532328841905
  logout: 1532329246864
ipAddress: 115.231.149.225
lastlocation:
  world: world
  x: -143.81851303217474
  y: 73.0
  z: 134.77058915166532
  yaw: 110.84732
  pitch: 14.700073
money: '3640.65'
logoutlocation:
  world: world
  x: -213.2393059026491
  y: 75.0
  z: 146.98842739254437
  yaw: 186.45044
  pitch: 21.749975
afk: false
