lastAccountName: GGG
timestamps:
  login: 1523722564361
  lastteleport: 1523722444069
  logout: 1523722591322
ipAddress: 119.130.229.15
lastlocation:
  world: world
  x: 10139.300000011921
  y: 60.0
  z: 788.6999999880791
  yaw: 207.7511
  pitch: 22.95015
money: '100.0'
logoutlocation:
  world: world
  x: -222.72063671021817
  y: 64.0
  z: 14.170748143473721
  yaw: -107.40108
  pitch: 8.249992
