lastAccountName: Soneson
timestamps:
  login: 1501611736269
  lastteleport: 1501612467092
ipAddress: 49.67.238.198
lastlocation:
  world: world
  x: -1300.694426356165
  y: 70.0
  z: 382.09529630346367
  yaw: -187.46497
  pitch: 13.199966
money: '100.0'
