lastAccountName: jsjwhsu
timestamps:
  login: 1502087604957
  logout: 1502089657499
  lastteleport: 1502089297838
ipAddress: 120.192.10.67
lastlocation:
  world: world
  x: -43.55415305785022
  y: 11.0
  z: 146.43236420774247
  yaw: -271.97864
  pitch: 24.74999
money: '20.0'
logoutlocation:
  world: world
  x: -94.30000001192093
  y: 65.0
  z: 151.30000001192093
  yaw: -129.75162
  pitch: 84.9
