lastAccountName: MZCDYP
timestamps:
  login: 1531273871547
  lastteleport: 1531273844678
  logout: 1531273916960
ipAddress: 183.226.79.118
lastlocation:
  world: world_the_end
  x: 430.67972756702693
  y: 61.0
  z: 2648.4803549764133
  yaw: -328.89365
  pitch: 16.199936
logoutlocation:
  world: world
  x: -2403.388399620812
  y: 60.5
  z: 3545.7379588300014
  yaw: -217.90738
  pitch: 42.600037
money: '0.8'
