lastAccountName: Rock
timestamps:
  login: 1526092531924
  logout: 1526094278095
ipAddress: 171.107.222.135
logoutlocation:
  world: world
  x: -219.5098953870599
  y: 71.0
  z: 16.13253783756901
  yaw: -87.06519
  pitch: 11.436185
lastlocation:
  world: world
  x: -339.5908347359697
  y: 63.0
  z: -41.62579182007394
  yaw: 174.98798
  pitch: 0.9039158
