lastAccountName: Aait_ming
timestamps:
  login: 1521955272812
  lastteleport: 1521955588123
  logout: 1521955609065
ipAddress: 223.74.198.220
lastlocation:
  world: zc
  x: 16.051442083817598
  y: 59.0
  z: -6.575134917943912
  yaw: 93.66692
  pitch: 14.939334
money: '6100'
logoutlocation:
  world: world
  x: -3733.0034818713743
  y: 63.0
  z: 1574.2427923376683
  yaw: -51.481873
  pitch: 21.116577
