lastAccountName: Pkk_yin
timestamps:
  login: 1542551219014
  lastteleport: 1542549318645
  logout: 1542551260479
ipAddress: 115.35.195.123
lastlocation:
  world: world
  x: -109.5
  y: 21.0
  z: -318.5
  yaw: 16.01862
  pitch: -52.89648
logoutlocation:
  world: world
  x: -104.34961885757487
  y: 65.0
  z: -354.22588517659347
  yaw: 153.41891
  pitch: -85.59722
money: '99667.0'
