lastAccountName: ACC_E
timestamps:
  login: 1541428654301
  logout: 1541428862512
  lastteleport: 1541428605250
ipAddress: 124.228.161.217
lastlocation:
  world: world
  x: -225.36706876682035
  y: 64.0625
  z: 14.390005902505456
  yaw: -33.451164
  pitch: 7.9499917
logoutlocation:
  world: world
  x: -2259.0507348556152
  y: 63.0
  z: -153.1163220701921
  yaw: 51.97555
  pitch: 1.9499265
