lastAccountName: by199
timestamps:
  login: 1503217080678
  lastteleport: 1503217280774
  logout: 1503217458454
ipAddress: 27.17.85.163
lastlocation:
  world: world
  x: -181.28571304446962
  y: 76.0
  z: 175.15598058516838
  yaw: 56.04616
  pitch: 21.580603
money: '100.0'
logoutlocation:
  world: zy
  x: -299.30000001192093
  y: 66.0
  z: 145.69999998807907
  yaw: 305.70044
  pitch: -17.550001
