lastAccountName: Lita
timestamps:
  login: 1526037952499
  logout: 1526040529831
  lastteleport: 1526040394453
ipAddress: 123.165.132.11
logoutlocation:
  world: world
  x: -15010.894705433046
  y: 71.0
  z: -250.7736728146342
  yaw: -87.862854
  pitch: 4.3499846
lastlocation:
  world: world
  x: -14741.713634260515
  y: 68.0
  z: 907.0102369898137
  yaw: 147.3268
  pitch: -18.449697
homes:
  home:
    world: world
    x: -14939.692634490077
    y: 66.0
    z: -272.3614742889103
    yaw: -81.412445
    pitch: 36.000065
  jia:
    world: world
    x: -14738.318339330024
    y: 68.0
    z: 907.6679893845571
    yaw: -32.522377
    pitch: 7.3500457
money: '900'
