lastAccountName: kagurazaka_shira
timestamps:
  login: 1502109428343
  kits:
    tools: 1502110263083
  lastteleport: 1502110676524
  logout: 1502110688895
ipAddress: 103.93.76.29
lastlocation:
  world: world_nether
  x: -352.69999998807907
  y: 84.0
  z: 918.3000000119209
  yaw: -10.800077
  pitch: -15.092446
money: '100.0'
logoutlocation:
  world: world_nether
  x: 1.9324945428044753
  y: 74.0
  z: -0.8889971708198674
  yaw: -174.45007
  pitch: 26.550028
