lastAccountName: yy_2
timestamps:
  login: 1531777896813
  logout: 1531777969383
  lastteleport: 1531777944478
ipAddress: 59.83.212.195
lastlocation:
  world: world
  x: -225.5
  y: 64.0
  z: 14.5
  yaw: -81.60108
  pitch: 5.249992
logoutlocation:
  world: world
  x: 2570.1672942335704
  y: 66.0
  z: -818.4992347559956
  yaw: -295.70193
  pitch: 9.150001
