lastAccountName: Shallow_Dream
timestamps:
  login: 1530939805893
  logout: 1530940549295
  lastteleport: 1530940387391
ipAddress: 27.156.43.236
lastlocation:
  world: world
  x: -91.40673206779303
  y: 12.0
  z: 154.74804095179664
  yaw: -221.40161
  pitch: -89.1001
logoutlocation:
  world: world
  x: -614.9790168473975
  y: 96.0
  z: -14.514506826399984
  yaw: 179.6383
  pitch: 38.10007
money: '18514.8'
afk: false
homes:
  home:
    world: world
    x: -612.6416706400923
    y: 99.5
    z: -7.033614672287601
    yaw: -68.31135
    pitch: 31.199957
