lastAccountName: time
timestamps:
  login: 1531842472667
  logout: 1531842516931
ipAddress: 39.181.148.93
lastlocation:
  world: world
  x: -225.36706876682035
  y: 64.0
  z: 14.390005902505456
  yaw: -89.40118
  pitch: -2.2500103
logoutlocation:
  world: world
  x: -215.35569499367398
  y: 64.0
  z: 18.27547192392432
  yaw: -9.901156
  pitch: 55.2
