lastAccountName: lovely_FENGLIAO
timestamps:
  login: 1502101570858
  logout: 1502101637382
  lastteleport: 1502009009904
ipAddress: 59.42.123.223
lastlocation:
  world: world
  x: -244.79892178157314
  y: 82.0
  z: 300.1642983563448
  yaw: 200.11316
  pitch: -35.849957
money: '948.0'
logoutlocation:
  world: world
  x: -250.69999998807907
  y: 75.0
  z: 323.19035127731064
  yaw: -298.19043
  pitch: -6.000001
homes:
  dy:
    world: world_nether
    x: -303.50136457282684
    y: 68.0
    z: 856.1614539852968
    yaw: -174.65161
    pitch: 25.80007
  md:
    world: world_the_end
    x: 3001.1217011224007
    y: 60.0
    z: -2436.328932099759
    yaw: 74.813034
    pitch: 41.305138
  mdc:
    world: world_the_end
    x: -583.2935352079902
    y: 62.0
    z: 1048.599822221885
    yaw: -4.6178284
    pitch: 0.45016256
afk: false
