lastAccountName: '1025'
timestamps:
  login: 1502163485187
  logout: 1502164635928
  lastteleport: 1502115905289
ipAddress: 223.73.232.28
lastlocation:
  world: zy
  x: -71.66890159875415
  y: 19.0
  z: 222.20895696982475
  yaw: -301.66666
  pitch: 9.793187
money: '1090.0'
logoutlocation:
  world: world
  x: 116.47894395105429
  y: 65.0
  z: 2213.7851862836487
  yaw: 236.6365
  pitch: 17.849941
homes:
  jia:
    world: world
    x: 45.43452194635464
    y: 63.0
    z: 431.41057223279455
    yaw: -70.77399
    pitch: 35.40003
  jh:
    world: world
    x: 115.67118841819153
    y: 65.0
    z: 2253.0770270859575
    yaw: -54.36328
    pitch: 21.300049
afk: false
