lastAccountName: '1025'
timestamps:
  login: 1543227624659
  logout: 1543229221245
  lastteleport: 1543229193138
ipAddress: 120.229.255.234
lastlocation:
  world: world
  x: -631.769719111078
  y: 108.0
  z: 828.0376663119949
  yaw: 228.69545
  pitch: 85.83947
money: '12643.28999999999998'
logoutlocation:
  world: world
  x: -239.52795022105406
  y: 129.0
  z: 14.527966095627294
  yaw: 264.53168
  pitch: 17.305838
homes:
  jia:
    world: world
    x: 45.43452194635464
    y: 63.0
    z: 431.41057223279455
    yaw: -70.77399
    pitch: 35.40003
  jh:
    world: world
    x: 115.67118841819153
    y: 65.0
    z: 2253.0770270859575
    yaw: -54.36328
    pitch: 21.300049
  c:
    world: world
    x: 4820.568116814145
    y: 77.0
    z: 11859.445847315528
    yaw: -94.79562
    pitch: 46.199978
afk: false
