lastAccountName: '1025'
timestamps:
  login: 1502879101820
  logout: 1502880041924
  lastteleport: 1502879117887
ipAddress: 223.73.143.249
lastlocation:
  world: world
  x: 4813.533908695994
  y: 78.0
  z: 11856.339436187865
  yaw: -214.49426
  pitch: 26.849987
money: '1774.0'
logoutlocation:
  world: world
  x: 7721.921541429502
  y: 63.9375
  z: 11132.839300240406
  yaw: -11.799866
  pitch: 4.9499993
homes:
  jia:
    world: world
    x: 45.43452194635464
    y: 63.0
    z: 431.41057223279455
    yaw: -70.77399
    pitch: 35.40003
  jh:
    world: world
    x: 115.67118841819153
    y: 65.0
    z: 2253.0770270859575
    yaw: -54.36328
    pitch: 21.300049
  c:
    world: world
    x: 4820.568116814145
    y: 77.0
    z: 11859.445847315528
    yaw: -94.79562
    pitch: 46.199978
afk: false
