lastAccountName: Sen_Lin
timestamps:
  login: 1530159075322
  lastteleport: 1530159182732
  logout: 1530159194336
ipAddress: 112.96.66.33
lastlocation:
  world: world
  x: -220.16027334392504
  y: 64.0
  z: 11.715278613437338
  yaw: 19.949036
  pitch: -2.8500066
logoutlocation:
  world: resources
  x: 610.8130437700972
  y: 67.0
  z: 267.4082521288654
  yaw: 248.24973
  pitch: 33.599937
