lastAccountName: jiokr
timestamps:
  login: 1518269255498
  logout: 1518269262355
ipAddress: 223.73.232.196
lastlocation:
  world: world
  x: -182.71051603628217
  y: 71.0
  z: 172.55415013095396
  yaw: -90.65384
  pitch: -1.3693843
logoutlocation:
  world: zc
  x: 16.5
  y: 59.0
  z: -4.5
  yaw: 186.45024
  pitch: -6.150026
