lastAccountName: all0zy
timestamps:
  login: 1526119061632
  lastteleport: 1526119163138
  logout: 1526119265490
ipAddress: 110.183.24.55
lastlocation:
  world: world
  x: -225.36080314741668
  y: 71.0
  z: 18.02179271173304
  yaw: 281.3989
  pitch: 21.3
logoutlocation:
  world: world
  x: -1720.7916402575656
  y: 64.0
  z: -1747.5967064477977
  yaw: 69.307526
  pitch: 6.750056
