lastAccountName: Harden
timestamps:
  login: 1532436328202
  logout: 1532439225040
  lastteleport: 1532437387643
ipAddress: 36.157.62.91
lastlocation:
  world: world
  x: -2389.695709470769
  y: 68.0
  z: 3544.5046096370675
  yaw: -257.95987
  pitch: 64.34998
logoutlocation:
  world: world
  x: -2377.67139672741
  y: 85.23483774135221
  z: 3810.866936395004
  yaw: -230.95972
  pitch: 14.849992
money: '27719.88999999999988'
homes:
  home:
    world: world_nether
    x: -423.4558014446797
    y: 66.0
    z: -219.56149099017844
    yaw: 126.75067
    pitch: 52.05019
afk: false
