lastAccountName: Rc_column_steel
timestamps:
  login: 1519512704437
  logout: 1519512764334
ipAddress: 125.87.43.189
lastlocation:
  world: world
  x: -182.71051603628217
  y: 71.0
  z: 172.55415013095396
  yaw: -90.65384
  pitch: -1.3693843
logoutlocation:
  world: zc
  x: 8.585710561039884
  y: 60.0
  z: -7.974166467335041
  yaw: 111.70407
  pitch: 7.0732455
