lastAccountName: RasalGhul_
timestamps:
  login: 1502416427505
  logout: 1502416432457
  lastteleport: 1502210511279
ipAddress: 171.106.34.246
lastlocation:
  world: zy
  x: -318.9495690022306
  y: 75.0
  z: 152.76294574761513
  yaw: 61.855442
  pitch: 76.617645
money: '100.0'
logoutlocation:
  world: world
  x: -179.80665398455892
  y: 70.0
  z: 173.44702535331248
  yaw: -208.50009
  pitch: 31.799969
