lastAccountName: Tntry
timestamps:
  login: 1531989239319
  lastteleport: 1531989296211
  logout: 1531989544611
ipAddress: 221.197.55.96
lastlocation:
  world: resources
  x: 583.5851735018973
  y: 67.0
  z: 251.9768089074243
  yaw: -69.5998
  pitch: -3.3000944
logoutlocation:
  world: resources
  x: 595.4973570569986
  y: 71.0
  z: 438.59047666007854
  yaw: 149.8523
  pitch: 21.149925
money: '126.7'
