lastAccountName: Beixi
timestamps:
  login: 1531302579003
  lastteleport: 1531303696289
  logout: 1531305317514
ipAddress: 202.109.166.162
lastlocation:
  world: world
  x: -292.35549831956325
  y: 63.0
  z: 157.22753664768373
  yaw: -200.70079
  pitch: 9.449932
logoutlocation:
  world: world
  x: -290.12888726865185
  y: 63.0
  z: 156.40288437731868
  yaw: 218.85022
  pitch: 17.249985
money: '1063.6'
afk: false
