lastAccountName: Xenon
timestamps:
  login: 1541249474568
  logout: 1541251168901
  lastteleport: 1541251145047
ipAddress: 222.221.150.231
lastlocation:
  world: world
  x: -2627.7827915924418
  y: 102.46958215727228
  z: -638.7624999880791
  yaw: 155.6505
  pitch: 11.38506
logoutlocation:
  world: world
  x: -2631.9181236959525
  y: 109.97616128295446
  z: -589.2846473023568
  yaw: -255.10208
  pitch: 27.495647
money: '362412.19700000000020'
afk: false
