lastAccountName: woshixxpp
timestamps:
  login: 1502854486146
  lastteleport: 1502857375454
  logout: 1502857549970
ipAddress: 115.153.163.38
lastlocation:
  world: zy_the_end
  x: 7688.081599725785
  y: 95.0
  z: 2284.4876525828495
  yaw: 93.12268
  pitch: 75.450035
money: '0.0'
logoutlocation:
  world: zy_the_end
  x: -23.068225766633812
  y: 46.0
  z: -106.53185173879653
  yaw: 273.14972
  pitch: 2.2499926
