lastAccountName: FYJL
timestamps:
  login: 1517902848453
  lastteleport: 1517822235328
  logout: 1517902856735
ipAddress: 121.224.179.134
lastlocation:
  world: world
  x: -3792.312319355984
  y: 52.0
  z: 1499.699999988079
  yaw: -185.20593
  pitch: -0.32639498
money: '174.809999999999886'
logoutlocation:
  world: world
  x: -3784.7612669035366
  y: 63.0
  z: 1491.3200991414637
  yaw: -53.514397
  pitch: 12.321279
homes:
  hcy2:
    world: zy_nether
    x: -191.98705490889012
    y: 41.0
    z: 558.4445960471552
    yaw: 1.051284
    pitch: 24.236967
  home:
    world: world
    x: -15706.400954316992
    y: 70.0
    z: -1966.699999988079
    yaw: -285.1568
    pitch: 12.674658
  hcy3:
    world: world
    x: -3755.950265012659
    y: 63.0
    z: 1488.4037582023755
    yaw: -215.27051
    pitch: 14.648121
afk: false
