lastAccountName: MC_xiaof
timestamps:
  login: 1503366993742
  logout: 1503367058375
ipAddress: 27.187.4.201
lastlocation:
  world: world
  x: -181.81403777363113
  y: 76.0
  z: 173.21277909537864
  yaw: 246.24628
  pitch: 17.830593
money: '100.0'
logoutlocation:
  world: zy
  x: -273.65201261846727
  y: 72.0
  z: 215.69999998807907
  yaw: 4.8003697
  pitch: 28.650019
