lastAccountName: yeiloucd
timestamps:
  login: 1501935946339
  lastteleport: 1501934637260
  logout: 1501936338144
ipAddress: 183.208.90.175
lastlocation:
  world: zy
  x: -289.22858905650634
  y: 73.0
  z: 28.311186191672554
  yaw: 242.70007
  pitch: 18.449965
money: '218.4'
logoutlocation:
  world: world
  x: -266.37797413435743
  y: 80.0
  z: 0.59134136418153
  yaw: -12.781287
  pitch: -25.350008
homes:
  home:
    world: zy
    x: -351.5898424721856
    y: 65.0
    z: 60.63073202992431
    yaw: 258.44904
    pitch: -85.8
