lastAccountName: SmallHand
timestamps:
  login: 1524213791898
  lastteleport: 1524213921622
  logout: 1524214313218
ipAddress: 120.34.251.50
lastlocation:
  world: world
  x: -108.39808261832877
  y: 67.0
  z: 169.79886251113078
  yaw: 260.1963
  pitch: 16.499989
money: '5853.4'
logoutlocation:
  world: world
  x: -908.7169526686081
  y: 63.0
  z: 841.5703536380886
  yaw: -184.24933
  pitch: 9.899975
