lastAccountName: test
timestamps:
  login: 1518956646681
  logout: 1518956676898
ipAddress: 175.42.161.46
lastlocation:
  world: world
  x: -182.71051603628217
  y: 71.0
  z: 172.55415013095396
  yaw: -90.65384
  pitch: -1.3693843
logoutlocation:
  world: zc
  x: 16.5
  y: 59.0
  z: -4.5
  yaw: 185.40024
  pitch: -12.900026
