lastAccountName: grxgrx12345
timestamps:
  login: 1530787694108
  logout: 1530787733332
ipAddress: 183.205.98.248
lastlocation:
  world: world
  x: -225.36706876682035
  y: 64.0
  z: 14.390005902505456
  yaw: -89.40118
  pitch: -2.2500103
logoutlocation:
  world: world
  x: -222.52835795028386
  y: 64.0625
  z: 14.768434151092832
  yaw: -86.40117
  pitch: 2.549998
