lastAccountName: xiaoyao
timestamps:
  login: 1503478069566
  logout: 1503481126351
ipAddress: 118.73.27.41
lastlocation:
  world: world
  x: 641.6999999880791
  y: 65.0
  z: -1306.699999988079
  yaw: 73.91223
  pitch: 23.550064
money: '102.8499999999999996'
afk: false
logoutlocation:
  world: world
  x: 836.8732311711868
  y: 74.0
  z: -1323.6662135160002
  yaw: 3.7193909
  pitch: 10.949854
