lastAccountName: S_Zero
timestamps:
  login: 1527047247094
  logout: 1527047815758
  lastteleport: 1527047455789
ipAddress: 112.38.35.151
lastlocation:
  world: world
  x: -14754.867490120798
  y: 68.0
  z: 0.9429483818325766
  yaw: 163.32004
  pitch: 11.399968
logoutlocation:
  world: world
  x: -3796.300000011921
  y: 62.0
  z: 1455.0159054120486
  yaw: -118.500984
  pitch: 5.6999598
