lastAccountName: Oeange0JuIcE
timestamps:
  login: 1501657521557
ipAddress: 211.162.10.197
lastlocation:
  world: world
  x: -180.02330014119065
  y: 76.0
  z: 173.49329652899618
  yaw: 269.85046
  pitch: 0.44985256
