lastAccountName: Zi_Xuan
timestamps:
  login: 1523902311571
  lastteleport: 1523902414562
  logout: 1523902424771
ipAddress: 117.182.135.65
lastlocation:
  world: world
  x: -14747.376135960363
  y: 73.0
  z: -1.3041160177896969
  yaw: 156.86998
  pitch: 28.499956
logoutlocation:
  world: resources_nether
  x: -37.321169997548076
  y: 37.0
  z: 48.49871340581369
  yaw: -61.20003
  pitch: 14.849905
money: '250'
