lastAccountName: ssaasd
timestamps:
  login: 1532174573311
  logout: 1532174605078
ipAddress: 116.17.225.166
lastlocation:
  world: world
  x: -225.36706876682035
  y: 64.0
  z: 14.390005902505456
  yaw: -89.40118
  pitch: -2.2500103
logoutlocation:
  world: world
  x: -206.96499815199164
  y: 64.0
  z: 13.951099481261906
  yaw: -265.95117
  pitch: 12.899997
