lastAccountName: Ruler
timestamps:
  login: 1525835338948
  lastteleport: 1525835898588
  logout: 1525835910552
ipAddress: 27.198.242.6
lastlocation:
  world: world
  x: -225.36706876682035
  y: 64.0625
  z: 14.390005902505456
  yaw: -88.951195
  pitch: -0.4500102
logoutlocation:
  world: world
  x: 10.300000011920929
  y: 2.0
  z: 3.6452223346370096
  yaw: 349.49792
  pitch: 18.750072
