lastAccountName: Zhu_Sun
timestamps:
  login: 1531645360721
  logout: 1531646261471
  lastteleport: 1531645727658
ipAddress: 221.225.113.201
lastlocation:
  world: world
  x: -142.97528577554013
  y: 72.0
  z: 17.30000001192093
  yaw: -203.11014
  pitch: 52.342606
logoutlocation:
  world: world
  x: -84.30000001192093
  y: 72.0
  z: 8.278069598296137
  yaw: -50.333736
  pitch: 16.078976
afk: false
