lastAccountName: Blackdogman
timestamps:
  login: 1522556154668
  lastteleport: 1522556561609
  logout: 1522556955062
ipAddress: 118.114.191.28
lastlocation:
  world: spawn
  x: 16.5
  y: 59.0
  z: -4.5
  yaw: 184.87863
  pitch: -0.44696987
logoutlocation:
  world: world
  x: -861.1553022045707
  y: 70.0
  z: 420.5725883897282
  yaw: 146.20544
  pitch: 10.353436
