lastAccountName: K_Baby
timestamps:
  login: 1501935723077
  logout: 1501936233861
  lastteleport: 1501935578730
ipAddress: 27.156.20.28
lastlocation:
  world: world
  x: -180.02330014119065
  y: 76.0
  z: 173.49329652899618
  yaw: 269.85046
  pitch: 0.44985256
money: '100.0'
logoutlocation:
  world: world
  x: -278.7160871697949
  y: 59.0
  z: 152.34462900003345
  yaw: 87.715004
  pitch: 56.399994
nickname: mougesguaibi
