lastAccountName: kaige
timestamps:
  login: 1531207503048
  lastteleport: 1531208733020
  logout: 1531208740135
ipAddress: 61.144.172.250
lastlocation:
  world: world_the_end
  x: 273.1105604860812
  y: 11.0
  z: 0.2030234679508979
  yaw: -135.47534
  pitch: -1.5782539
afk: false
logoutlocation:
  world: world
  x: -198.30000001192093
  y: 65.0
  z: 17.729296145401577
  yaw: -79.574295
  pitch: -4.3772135
money: '366.0'
