lastAccountName: xiaochao
timestamps:
  login: 1502091838309
  logout: 1502092102473
  lastteleport: 1501914874977
ipAddress: 120.239.38.25
lastlocation:
  world: world
  x: -255.30000001192096
  y: 18.0
  z: -1191.300000011921
  yaw: 118.84668
  pitch: 52.349762
logoutlocation:
  world: world
  x: -208.67107099824156
  y: 11.0
  z: -1228.5733207847513
  yaw: 204.94458
  pitch: 10.500018
afk: false
homes:
  home:
    world: world
    x: -211.5091378301941
    y: 11.0
    z: -1226.4688298557642
    yaw: 151.39233
    pitch: 36.750137
