lastAccountName: pichenfet
timestamps:
  login: 1526054232107
  logout: 1526054276039
ipAddress: 182.108.35.248
logoutlocation:
  world: world
  x: -152.18468565876722
  y: 70.0
  z: 20.91622440680134
  yaw: 98.24885
  pitch: -15.300021
