lastAccountName: Mo_
timestamps:
  login: 1527771554045
  lastteleport: 1526786176444
  logout: 1527771814886
ipAddress: 123.171.127.148
lastlocation:
  world: world
  x: -225.36706876682035
  y: 64.0625
  z: 14.390005902505456
  yaw: -86.06217
  pitch: 1.8402507
logoutlocation:
  world: world
  x: -2880.5080604680616
  y: 14.0
  z: 1020.2924105197474
  yaw: -9.131592
  pitch: -13.926028
homes:
  v1:
    world: resources
    x: 696.586113882943
    y: 17.0
    z: -79.69999998807907
    yaw: -166.24915
    pitch: -5.661996
money: '46.399999999999987'
