lastAccountName: '1025'
timestamps:
  login: 1517897361235
  lastteleport: 1517902675797
  logout: 1517903357367
ipAddress: 223.73.232.230
afk: false
lastlocation:
  world: world
  x: 214.2953585309958
  y: 64.0
  z: 2278.625080293734
  yaw: -244.2058
  pitch: 14.700016
logoutlocation:
  world: world
  x: 121.23111916847961
  y: 55.0
  z: 2243.3722153529948
  yaw: 116.10022
  pitch: -3.2999907
money: '85163.99999999999872'
