lastAccountName: kyrbi
timestamps:
  login: 1531140246624
  lastteleport: 1531140601838
  logout: 1531142610649
ipAddress: 183.34.100.87
lastlocation:
  world: world
  x: -99.79568929454743
  y: 75.0
  z: 20.371432576016957
  yaw: -20.101074
  pitch: 18.899984
afk: false
logoutlocation:
  world: world
  x: -183.0046803542408
  y: 76.0
  z: 29.671688571312703
  yaw: -16.800873
  pitch: -3.7499528
