lastAccountName: De_Zhao
timestamps:
  login: 1502430887905
  logout: 1502431201582
ipAddress: 14.204.68.19
lastlocation:
  world: world
  x: 228.00198391195323
  y: 39.0
  z: -1531.1322087796646
  yaw: -125.549835
  pitch: 76.200005
money: '90.0'
logoutlocation:
  world: world
  x: -250.80451707900434
  y: 78.0
  z: 312.44428243008554
  yaw: 289.05057
  pitch: 27.599878
