lastAccountName: De_Zhao
timestamps:
  login: 1523019186876
  logout: 1523019597591
  lastteleport: 1523018023044
ipAddress: 116.53.212.63
lastlocation:
  world: world
  x: -14732.175907248085
  y: 68.0
  z: 11.791311637218545
  yaw: -114.18005
  pitch: 11.249998
money: '315404.8949999999998462'
logoutlocation:
  world: world_nether
  x: -1858.3829463443626
  y: 220.0
  z: -26.10647741714463
  yaw: -94.800415
  pitch: 60.299973
afk: false
homes:
  home:
    world: world_nether
    x: -1857.6764963889104
    y: 187.0
    z: -26.469352937158412
    yaw: -92.87989
    pitch: 60.150013
