lastAccountName: De_Zhao
timestamps:
  login: 1502876456672
  logout: 1502876420068
  lastteleport: 1502877712534
ipAddress: 116.52.232.187
lastlocation:
  world: world
  x: 147.1095544708577
  y: 63.0
  z: 2191.4635674214055
  yaw: -241.0513
  pitch: 26.400091
money: '65.25'
logoutlocation:
  world: world
  x: -3841.5
  y: 76.7335479384341
  z: 1402.5
  yaw: -86.279495
  pitch: 2.9999576
