lastAccountName: skyxiaotao
timestamps:
  login: 1531656920025
  lastteleport: 1531656243166
  logout: 1531656925935
ipAddress: 150.255.224.227
lastlocation:
  world: world
  x: -371.69999998807907
  y: 71.0
  z: 121.49551779968911
  yaw: 129.8322
  pitch: 8.099968
logoutlocation:
  world: world
  x: -210.80917364738175
  y: 68.0
  z: 3.6064941773153194
  yaw: -100.951164
  pitch: 5.2499847
