lastAccountName: huangzc
timestamps:
  login: 1516366548071
  lastteleport: 1516350524815
  logout: 1516366858164
ipAddress: 14.124.42.12
lastlocation:
  world: world
  x: -3122.4453407277497
  y: 65.0
  z: 1270.9621048552453
  yaw: -263.347
  pitch: 12.862537
money: '100.0'
logoutlocation:
  world: world
  x: -3759.699999988079
  y: 63.304213417929745
  z: 1537.014866726881
  yaw: -151.81482
  pitch: 22.200024
