lastAccountName: LinkinZ
timestamps:
  login: 1542820737706
  logout: 1542821522091
  lastteleport: 1542821497381
ipAddress: 123.121.7.68
lastlocation:
  world: world
  x: 4135.736883749346
  y: 67.0
  z: 4292.467992618894
  yaw: -75.117096
  pitch: 20.92521
logoutlocation:
  world: world
  x: -3725.904489222447
  y: 65.0
  z: 1502.2067826830896
  yaw: -257.10162
  pitch: 12.15004
afk: false
homes:
  home:
    world: world
    x: 4132.572654793519
    y: 67.0
    z: 4286.2850445940585
    yaw: -271.4616
    pitch: 2.1749532
money: '4417.3645'
