lastAccountName: Hailay
timestamps:
  login: 1517891051899
  logout: 1517891060643
  lastteleport: 1517126248156
ipAddress: 123.65.106.250
lastlocation:
  world: world
  x: -1402.300000011921
  y: 72.1875
  z: 2120.699999988079
  yaw: -195.20215
  pitch: 46.49992
logoutlocation:
  world: world
  x: -182.71051603628217
  y: 71.0
  z: 172.55415013095396
  yaw: -89.00384
  pitch: 4.780616
money: '31.5'
afk: false
