lastAccountName: the_chenmo
timestamps:
  login: 1541695792474
  logout: 1541695896772
ipAddress: 211.138.88.179
lastlocation:
  world: world
  x: -225.36706876682035
  y: 64.0
  z: 14.390005902505456
  yaw: -89.40118
  pitch: -2.2500103
logoutlocation:
  world: world
  x: -335.37945212760246
  y: 65.0
  z: -123.76262664498917
  yaw: 259.6895
  pitch: 10.650945
