lastAccountName: kamu
timestamps:
  login: 1519805535492
  logout: 1519805604949
ipAddress: 221.194.181.68
lastlocation:
  world: world
  x: -182.71051603628217
  y: 71.0
  z: 172.55415013095396
  yaw: -90.65384
  pitch: -1.3693843
logoutlocation:
  world: zc
  x: 16.315176650719042
  y: 59.0
  z: -6.017475887875445
  yaw: -167.81364
  pitch: -9.800119
