lastAccountName: cccck
timestamps:
  login: 1517978807314
  lastteleport: 1517979836505
  logout: 1517980192276
ipAddress: 112.53.73.71
lastlocation:
  world: zy
  x: -263.5824264846837
  y: 65.0
  z: 218.49095989224156
  yaw: -37.649776
  pitch: 0.29993397
money: '1456.7'
logoutlocation:
  world: zy
  x: 245.8833525407206
  y: 72.0
  z: 731.9141578283146
  yaw: -303.75043
  pitch: 21.900007
