lastAccountName: FYJL112
timestamps:
  login: 1502098416165
  logout: 1502098535490
ipAddress: 180.125.216.108
lastlocation:
  world: world
  x: -181.0379429707446
  y: 76.0
  z: 171.27043012374094
  yaw: 87.2623
  pitch: 0.89212245
money: '50.0'
logoutlocation:
  world: world
  x: -3756.486366965321
  y: 63.875
  z: 1500.1008989874738
  yaw: 85.89289
  pitch: 25.611263
