lastAccountName: hyuzh
timestamps:
  login: 1527901718735
  logout: 1527902006739
ipAddress: 115.152.61.193
lastlocation:
  world: world
  x: -49.53253913278152
  y: 80.0
  z: 188.98681652420706
  yaw: 91.34888
  pitch: 63.449947
logoutlocation:
  world: world
  x: -154.31379465635206
  y: 70.0
  z: 24.1917567012516
  yaw: 122.54887
  pitch: 7.799978
