lastAccountName: santai
timestamps:
  login: 1505617430596
  logout: 1505617517096
  lastteleport: 1502762295170
ipAddress: 106.120.206.218
lastlocation:
  world: world
  x: 780.4828444667849
  y: 64.0
  z: -1885.3970743371844
  yaw: 7.2161865
  pitch: 3.9000707
afk: false
logoutlocation:
  world: zy
  x: -301.1520918473657
  y: 64.0
  z: 189.6225170160333
  yaw: 292.0506
  pitch: 13.049957
money: '100.0'
