lastAccountName: santai
timestamps:
  login: 1502762958884
  logout: 1502763420115
  lastteleport: 1502762295170
ipAddress: 123.115.217.82
lastlocation:
  world: world
  x: 780.4828444667849
  y: 64.0
  z: -1885.3970743371844
  yaw: 7.2161865
  pitch: 3.9000707
afk: false
logoutlocation:
  world: zy
  x: -301.1520918473657
  y: 64.0
  z: 189.6225170160333
  yaw: 63.00062
  pitch: -4.2000375
money: '100.0'
