lastAccountName: a_xing
timestamps:
  login: 1517986077460
  logout: 1517986384680
ipAddress: 121.205.189.215
lastlocation:
  world: zc
  x: 16.542426376049484
  y: 59.0
  z: -5.140115644915508
  yaw: 197.5502
  pitch: 84.14998
money: '100.0'
logoutlocation:
  world: world
  x: 118.96872722607256
  y: 65.0
  z: 2217.539229032794
  yaw: -171.09215
  pitch: 30.00004
