lastAccountName: Prezen
timestamps:
  login: 1501494663351
  logout: 1501494787161
ipAddress: 180.117.241.221
lastlocation:
  world: world
  x: -180.02330014119065
  y: 76.0
  z: 173.49329652899618
  yaw: 269.85046
  pitch: 0.44985256
logoutlocation:
  world: world
  x: -108.58423685735788
  y: 70.0
  z: 222.69999998807907
  yaw: 35.099888
  pitch: 6.8999586
