lastAccountName: LYY
timestamps:
  login: 1525709612468
  lastteleport: 1525714112761
  logout: 1525714432127
ipAddress: 183.24.97.28
lastlocation:
  world: world
  x: -2699.079500494972
  y: 68.0
  z: -4100.014792840126
  yaw: -84.49321
  pitch: -2.8704116
logoutlocation:
  world: world
  x: -3275.300000011921
  y: 68.0
  z: -3981.9135687232665
  yaw: 185.08502
  pitch: 17.273153
homes:
  home:
    world: world
    x: -3168.03229239314
    y: 96.875
    z: -4085.954963581187
    yaw: 340.72116
    pitch: 22.49995
afk: false
money: '9129.342499999999980'
