lastAccountName: jutu12138
timestamps:
  login: 1502075194575
  logout: 1502075927596
ipAddress: 125.46.23.210
lastlocation:
  world: world
  x: -177.30000001192093
  y: 76.0
  z: 175.78678618402026
  yaw: 42.75014
  pitch: 31.349918
money: '100.0'
logoutlocation:
  world: world
  x: -182.1162692326385
  y: 85.0
  z: 200.28273717963935
  yaw: 155.0697
  pitch: 20.850225
