lastAccountName: susu
timestamps:
  login: 1526695546640
  logout: 1526695552743
ipAddress: 115.205.4.73
logoutlocation:
  world: world
  x: -225.36706876682035
  y: 64.0
  z: 14.390005902505456
  yaw: -76.53364
  pitch: -6.2133107
