lastAccountName: UR_YaoZi
timestamps:
  login: 1525002530906
  lastteleport: 1525003174857
  logout: 1525003288089
ipAddress: 42.57.152.197
lastlocation:
  world: world
  x: 2542.862438615433
  y: 80.41999998688698
  z: -750.6999999880791
  yaw: -110.002014
  pitch: 46.950005
homes:
  home:
    world: world
    x: -15051.676967061956
    y: 66.0
    z: -299.76349763016185
    yaw: 9.107288
    pitch: -6.5999885
logoutlocation:
  world: world
  x: -199.69999998807907
  y: 75.0
  z: -7.323229393308056
  yaw: -284.40106
  pitch: -18.30001
