lastAccountName: Dawnrs
timestamps:
  login: 1542966194896
  logout: 1542966203297
ipAddress: 223.146.141.148
lastlocation:
  world: world
  x: -225.36706876682035
  y: 64.0
  z: 14.390005902505456
  yaw: -89.40118
  pitch: -2.2500103
logoutlocation:
  world: world
  x: -226.0
  y: 64.0
  z: 14.0
  yaw: -28.199995
  pitch: 13.8
