lastAccountName: lin13432772357
timestamps:
  login: 1531383396048
  logout: 1531383493011
ipAddress: 113.82.197.175
lastlocation:
  world: world
  x: -225.36706876682035
  y: 64.0
  z: 14.390005902505456
  yaw: -89.40118
  pitch: -2.2500103
logoutlocation:
  world: world
  x: -203.6877406873511
  y: 64.0
  z: 11.6391122469492
  yaw: -243.5347
  pitch: 10.276779
