lastAccountName: Lai_z
timestamps:
  login: 1518352483456
  logout: 1518352580661
ipAddress: 120.35.192.4
lastlocation:
  world: world
  x: -182.71051603628217
  y: 71.0
  z: 172.55415013095396
  yaw: -90.65384
  pitch: -1.3693843
logoutlocation:
  world: zc
  x: 21.220160802210764
  y: 59.5
  z: -0.30024373922445297
  yaw: 58.038208
  pitch: 25.975899
