lastAccountName: wangkaixiaotai
timestamps:
  login: 1531386497512
  logout: 1531386641131
ipAddress: 222.135.152.86
lastlocation:
  world: world
  x: -225.36706876682035
  y: 64.0
  z: 14.390005902505456
  yaw: -89.40118
  pitch: -2.2500103
logoutlocation:
  world: world
  x: -107.48648901970425
  y: 65.23152379758702
  z: -22.79128544932956
  yaw: 240.2986
  pitch: 16.800009
