lastAccountName: youkw
timestamps:
  login: 1526036301416
  logout: 1526036347138
ipAddress: 36.102.223.125
lastlocation:
  world: spawn
  x: 223.0
  y: -260.4508099959341
  z: 112.0
  yaw: -352.96057
  pitch: 88.43128
logoutlocation:
  world: resources
  x: 589.4784988861172
  y: 64.0
  z: 287.6661758025898
  yaw: 73.05121
  pitch: 73.05788
