lastAccountName: dragon
timestamps:
  login: 1530430882714
  logout: 1530431166262
  lastteleport: 1530431046793
ipAddress: 27.8.186.123
lastlocation:
  world: world
  x: -176.9744464140576
  y: 74.0
  z: 28.93369497172531
  yaw: -273.60123
  pitch: 9.749967
logoutlocation:
  world: world
  x: -225.36706876682035
  y: 64.0625
  z: 14.390005902505456
  yaw: -84.001175
  pitch: 17.849989
