lastAccountName: Ralston_
timestamps:
  login: 1518010690350
  logout: 1518011568750
ipAddress: 112.232.169.37
lastlocation:
  world: zc
  x: 13.954659188469332
  y: 59.0
  z: -6.360019880330232
  yaw: 249.282
  pitch: 6.090994
money: '100.0'
logoutlocation:
  world: zy
  x: -133.9030223618943
  y: 68.0
  z: 320.1573895785541
  yaw: 32.041748
  pitch: -3.8179195
