lastAccountName: Tsing_loong
timestamps:
  login: 1516769505819
  logout: 1516769694466
  kits:
    tools: 1516525453988
  lastteleport: 1516769551562
ipAddress: 123.175.122.7
lastlocation:
  world: zc
  x: 16.508192393928766
  y: 59.0
  z: -5.356982183179479
  yaw: -16.199673
  pitch: 5.099974
money: '100.0'
logoutlocation:
  world: zy
  x: 948.7581560885834
  y: 87.0
  z: 524.6999999880791
  yaw: 277.75003
  pitch: 24.75
