lastAccountName: ShiYaobaby
timestamps:
  login: 1522177376276
  lastteleport: 1522177487280
  logout: 1522177501883
ipAddress: 111.37.69.127
lastlocation:
  world: zc
  x: 16.29317939523907
  y: 59.0
  z: -6.835187610605236
  yaw: 146.84924
  pitch: 17.099995
money: '6100'
logoutlocation:
  world: world
  x: -3692.233089089833
  y: 68.0
  z: 1544.4838385789863
  yaw: 121.20002
  pitch: 9.44998
