lastAccountName: AG_Xgua
timestamps:
  login: 1525068753017
  lastteleport: 1525069394131
  logout: 1525070659773
ipAddress: 27.203.21.96
lastlocation:
  world: world
  x: 1318.2233811422798
  y: 66.0
  z: 764.8766601708646
  yaw: -177.90031
  pitch: 32.999958
logoutlocation:
  world: world
  x: 1317.5000629310784
  y: 66.0
  z: 763.4662902036805
  yaw: 4.7791443
  pitch: 24.600012
homes:
  home:
    world: activity
    x: -331.040649137443
    y: 63.5
    z: 420.39484405450776
    yaw: 189.45038
    pitch: 19.349968
money: '3078.94999999999968'
afk: false
