lastAccountName: Clement_Garfield
timestamps:
  login: 1502877503707
  lastteleport: 1502878697114
  logout: 1502878895525
ipAddress: 101.127.33.251
lastlocation:
  world: world
  x: 780.1269107777796
  y: 64.0
  z: -1885.5006931340995
  yaw: -49.230923
  pitch: 17.699972
money: '90.0'
logoutlocation:
  world: world
  x: -438.3705250821251
  y: 80.0
  z: 274.60211601820447
  yaw: 170.15906
  pitch: 17.849968
homes:
  home:
    world: world
    x: -92.49776500110036
    y: 65.0
    z: 390.1608197456246
    yaw: 176.30197
    pitch: 30.750027
