lastAccountName: zhansehn
timestamps:
  login: 1529298552975
  logout: 1529298578069
ipAddress: 180.213.166.200
lastlocation:
  world: world
  x: -225.36706876682035
  y: 64.0
  z: 14.390005902505456
  yaw: -89.40118
  pitch: -2.2500103
logoutlocation:
  world: world
  x: -225.30335801282004
  y: 64.0
  z: 14.50178507110104
  yaw: -94.05116
  pitch: -0.750002
