lastAccountName: KBai_TM
timestamps:
  login: 1501764826632
  logout: 1501764868093
ipAddress: 223.73.232.186
lastlocation:
  world: world
  x: -180.02330014119065
  y: 76.0
  z: 173.49329652899618
  yaw: 269.85046
  pitch: 0.44985256
logoutlocation:
  world: world
  x: -180.37839084307774
  y: 76.0
  z: 171.93040856465583
  yaw: -64.79999
  pitch: -0.45002586
