lastAccountName: xiaoyaol
timestamps:
  login: 1503483645674
  logout: 1503483823561
ipAddress: 118.73.27.41
lastlocation:
  world: world
  x: -180.07367006594382
  y: 76.0
  z: 173.48296031175605
  yaw: -89.15385
  pitch: 1.6305984
logoutlocation:
  world: world
  x: -183.51814208959996
  y: 70.0
  z: 170.8646142606676
  yaw: 83.49597
  pitch: 23.98059
