lastAccountName: xstsrgyg
timestamps:
  login: 1526083677395
  logout: 1526084121947
ipAddress: 115.60.154.199
logoutlocation:
  world: world
  x: -401.79359602725935
  y: 61.0
  z: 55.34176196424332
  yaw: -33.753918
  pitch: -49.050014
