lastAccountName: Mouse
timestamps:
  login: 1530256677223
  logout: 1530257433811
  lastteleport: 1530257405456
ipAddress: 114.229.171.180
lastlocation:
  world: world
  x: -225.36706876682035
  y: 64.0625
  z: 14.390005902505456
  yaw: -69.00118
  pitch: 1.1999894
logoutlocation:
  world: world
  x: -3948.995358749163
  y: 63.0
  z: 1419.9053296777008
  yaw: -220.80103
  pitch: 4.6499867
money: '776.7'
