lastAccountName: HoHoHarry
timestamps:
  login: 1502071560536
  logout: 1502071798051
  lastteleport: 1502071580648
ipAddress: 119.237.31.175
lastlocation:
  world: zy
  x: -278.88158267519077
  y: 11.0
  z: -20.586836769728876
  yaw: -14.546875
  pitch: 6.2999907
money: '12.0'
logoutlocation:
  world: world
  x: 92.48750001192093
  y: 40.0
  z: -322.69999998807907
  yaw: 152.02881
  pitch: 88.49999
homes:
  home:
    world: world
    x: 88.21201348612489
    y: 40.0
    z: -320.7574043004226
    yaw: 258.0843
    pitch: 3.6000795
