lastAccountName: game
timestamps:
  login: 1531716617792
  logout: 1531716658727
ipAddress: 116.148.12.73
lastlocation:
  world: world
  x: -225.36706876682035
  y: 64.0
  z: 14.390005902505456
  yaw: -89.40118
  pitch: -2.2500103
logoutlocation:
  world: world
  x: -189.39497477499444
  y: 68.0
  z: 10.903844171540097
  yaw: 29.098831
  pitch: 23.699991
