lastAccountName: Black_ink
timestamps:
  login: 1520144923186
  logout: 1520145062145
ipAddress: 183.27.159.242
lastlocation:
  world: world
  x: -182.71051603628217
  y: 71.0
  z: 172.55415013095396
  yaw: -90.65384
  pitch: -1.3693843
logoutlocation:
  world: zc
  x: 16.87341803541821
  y: 59.0
  z: -5.0199528459164515
  yaw: 211.56555
  pitch: 5.827127
