lastAccountName: lll
timestamps:
  login: 1503895600248
  logout: 1503895645097
ipAddress: 113.117.46.138
lastlocation:
  world: world
  x: -180.07367006594382
  y: 76.0
  z: 173.48296031175605
  yaw: -89.15385
  pitch: 1.6305984
logoutlocation:
  world: world
  x: -178.86725236810307
  y: 76.0
  z: 174.52362730437363
  yaw: 9.546171
  pitch: -1.5193988
