lastAccountName: dsb520
timestamps:
  login: 1503236721787
  logout: 1503236937111
ipAddress: 27.186.116.157
lastlocation:
  world: zy_the_end
  x: -8.006308727626326
  y: 64.0
  z: -5.188712468390292
  yaw: 341.55017
  pitch: 19.649982
money: '100.0'
logoutlocation:
  world: zy
  x: -292.92176136212277
  y: 63.0
  z: 187.1658284944923
  yaw: -135.89941
  pitch: -41.40001
