lastAccountName: PrinSuparat
timestamps:
  login: 1531660585774
  lastteleport: 1531578364538
  logout: 1531660607173
ipAddress: 116.29.156.104
lastlocation:
  world: world
  x: -251.02542441269142
  y: 71.0
  z: -256.7861165099297
  yaw: 12.781616
  pitch: 21.973663
logoutlocation:
  world: world
  x: -138.00754645033817
  y: 72.0
  z: 85.15472231726176
  yaw: 198.87895
  pitch: 17.763626
money: '72.74'
homes:
  home:
    world: world
    x: -308.71903551946565
    y: 75.0
    z: -225.57033882598898
    yaw: 101.009766
    pitch: 50.7143
