lastAccountName: AynnEverdenn
timestamps:
  login: 1522391291054
  logout: 1522391334678
ipAddress: 60.210.108.26
lastlocation:
  world: world
  x: -183.0
  y: 71.0
  z: 172.0
  yaw: 0.0
  pitch: 0.0
logoutlocation:
  world: spawn
  x: 27.300000011920925
  y: 58.0
  z: -30.30000001192093
  yaw: -324.3001
  pitch: 9.449982
