lastAccountName: Peter_pig
timestamps:
  login: 1501734690425
  logout: 1501734959450
ipAddress: 183.204.97.222
lastlocation:
  world: world
  x: -111.33063546572801
  y: 63.0
  z: 196.55071358472904
  yaw: -251.0921
  pitch: 10.966799
logoutlocation:
  world: world
  x: -180.02330014119065
  y: 76.0
  z: 173.49329652899618
  yaw: -168.83115
  pitch: -13.066938
