lastAccountName: tobi_tobison
timestamps:
  login: 1503973705283
  logout: 1503974007237
ipAddress: 118.206.206.63
lastlocation:
  world: world
  x: -178.5128896252547
  y: 76.0
  z: 175.55507755535612
  yaw: -183.80376
  pitch: 86.84998
money: '100.0'
logoutlocation:
  world: zy
  x: -322.69999998807907
  y: 63.0
  z: 153.69999998807907
  yaw: -283.19965
  pitch: -4.6500077
