lastAccountName: Need_To_Konw
timestamps:
  login: 1529235720423
  lastteleport: 1529060093294
  logout: 1529235856595
ipAddress: 117.150.188.13
lastlocation:
  world: resources
  x: 869.6999999880791
  y: 35.0
  z: 136.6568952367609
  yaw: 142.55798
  pitch: 79.02551
logoutlocation:
  world: resources
  x: 916.9093073871662
  y: 65.0
  z: 185.03208270568413
  yaw: 269.40112
  pitch: -7.0214987
afk: false
homes:
  home:
    world: resources
    x: 919.7281289825492
    y: 69.0
    z: 184.94849658164676
    yaw: 270.53333
    pitch: 5.6413145
  zz:
    world: resources
    x: 891.6104946453723
    y: 36.0
    z: 137.69999998807907
    yaw: 179.81793
    pitch: 20.233807
  js:
    world: resources
    x: 857.5101390412557
    y: 43.0
    z: 117.55993356152041
    yaw: 270.43317
    pitch: 52.493927
money: '3.4'
