lastAccountName: '12345'
timestamps:
  login: 1503535430683
  logout: 1503536319650
ipAddress: 112.51.25.115
lastlocation:
  world: world
  x: -177.64332953511212
  y: 76.0
  z: 173.99735019794954
  yaw: -115.85382
  pitch: 70.35
money: '100.0'
logoutlocation:
  world: world
  x: -14889.49698258077
  y: 81.0625
  z: 304.297105924725
  yaw: -52.349854
  pitch: 70.34998
