lastAccountName: Lemon_Juice
timestamps:
  login: 1531639812519
  lastteleport: 1531656280927
  logout: 1531657478182
ipAddress: 59.63.206.222
lastlocation:
  world: world
  x: -77.0525296541912
  y: 72.3122737884017
  z: 8.699999988079071
  yaw: -76.05029
  pitch: 9.599971
homes:
  home:
    world: world
    x: -2282.060321108582
    y: 71.0
    z: -35.20813584483419
    yaw: 196.73969
    pitch: 11.849984
  lemon:
    world: world
    x: 2474.154450546449
    y: 71.0
    z: 13638.775968459518
    yaw: 58.051727
    pitch: 24.299995
  sc:
    world: world
    x: -14.275757849353937
    y: 176.0
    z: 19.407632930338515
    yaw: 91.950066
    pitch: 77.39997
money: '7143.3'
logoutlocation:
  world: world
  x: -43.621151097333204
  y: 77.0
  z: -64.32003345299901
  yaw: -225.44946
  pitch: 29.850029
afk: false
