lastAccountName: ston
timestamps:
  login: 1528532683423
  logout: 1528532686904
ipAddress: 221.229.206.163
lastlocation:
  world: world
  x: -225.36706876682035
  y: 64.0
  z: 14.390005902505456
  yaw: -89.40118
  pitch: -2.2500103
logoutlocation:
  world: world
  x: -225.5
  y: 64.0
  z: 14.5
  yaw: -88.951164
  pitch: -0.300002
