lastAccountName: A_LuolUo
timestamps:
  login: 1501640449137
  logout: 1501640543504
ipAddress: 120.239.101.215
lastlocation:
  world: world
  x: -181.3783311608747
  y: 76.0
  z: 174.1229783060541
  yaw: 87.89999
  pitch: 20.249966
money: '100.0'
logoutlocation:
  world: world
  x: -180.65381944624647
  y: 76.0
  z: 172.38548349721668
  yaw: 74.85002
  pitch: 16.649967
