lastAccountName: hailayhuang
timestamps:
  login: 1504939638016
  lastteleport: 1504941918799
  logout: 1504942598416
ipAddress: 120.239.76.235
lastlocation:
  world: world
  x: -297.0467714688323
  y: 13.0
  z: 98.25670760883675
  yaw: 320.94287
  pitch: 12.749996
logoutlocation:
  world: world
  x: -115.02805977433353
  y: 64.0
  z: 192.27319955958632
  yaw: 135.25195
  pitch: 25.949903
