lastAccountName: BMW
timestamps:
  login: 1523781487371
  logout: 1523781550930
ipAddress: 122.233.177.192
lastlocation:
  world: world
  x: -225.36706876682035
  y: 64.0
  z: 14.390005902505456
  yaw: -89.40118
  pitch: -2.2500103
logoutlocation:
  world: spawn
  x: 13.432503023494
  y: 59.9375
  z: 10.244703888963091
  yaw: -69.13144
  pitch: 10.020293
