lastAccountName: HongYun_
timestamps:
  login: 1519992355733
  lastteleport: 1519992467991
  logout: 1519992549642
ipAddress: 182.106.68.234
lastlocation:
  world: world
  x: -84.58840500844906
  y: 55.0
  z: 179.79444001407106
  yaw: -116.904106
  pitch: 12.299964
logoutlocation:
  world: world
  x: -182.71051603628217
  y: 71.0
  z: 172.55415013095396
  yaw: -89.453835
  pitch: 3.4306152
