lastAccountName: zul
timestamps:
  login: 1525497859383
  logout: 1525497867142
ipAddress: 113.101.49.78
logoutlocation:
  world: world
  x: -225.36706876682035
  y: 64.0
  z: 14.390005902505456
  yaw: -89.40118
  pitch: -2.2500103
