lastAccountName: yuxitianlin
timestamps:
  login: 1502897211580
  lastteleport: 1502899749848
  logout: 1502899764650
ipAddress: 59.34.85.176
lastlocation:
  world: zy
  x: -922.2208820250237
  y: 11.0
  z: 17.5461975286276
  yaw: 5.367579
  pitch: 9.30005
money: '100.0'
logoutlocation:
  world: world
  x: 778.006170312192
  y: 64.0
  z: -1885.5634920606715
  yaw: -272.73212
  pitch: 4.349985
