lastAccountName: S3CGV
timestamps:
  login: 1501787074283
  logout: 1501787101283
ipAddress: 115.174.214.80
lastlocation:
  world: world
  x: -180.02330014119065
  y: 76.0
  z: 173.49329652899618
  yaw: 269.85046
  pitch: 0.44985256
logoutlocation:
  world: world
  x: -178.8409027292014
  y: 70.0
  z: 159.69948445105584
  yaw: -151.20006
  pitch: 14.999973
