lastAccountName: 5r0
timestamps:
  login: 1526725787849
  logout: 1526726352781
ipAddress: 113.83.51.60
afk: false
logoutlocation:
  world: world
  x: -125.48703432982438
  y: 67.0
  z: 160.2963182284849
  yaw: -0.8417225
  pitch: 46.826572
