lastAccountName: suang777
timestamps:
  login: 1502813806782
  logout: 1502813868453
ipAddress: 111.10.73.176
lastlocation:
  world: world
  x: 780.5
  y: 64.0
  z: -1885.5
  yaw: -90.03204
  pitch: 0.14998594
logoutlocation:
  world: world
  x: 780.9993226765093
  y: 64.0
  z: -1885.495977473911
  yaw: -86.78404
  pitch: 34.411312
