lastAccountName: Hawk_J
timestamps:
  login: 1518683768615
  lastteleport: 1518684577190
  logout: 1518684585194
ipAddress: 221.9.80.174
lastlocation:
  world: world
  x: -182.71051603628217
  y: 71.0
  z: 172.55415013095396
  yaw: -45.353844
  pitch: 30.28062
logoutlocation:
  world: world
  x: -299.0351610918061
  y: 64.0
  z: 42.608966388329314
  yaw: 148.59613
  pitch: 26.54988
