lastAccountName: Delta
timestamps:
  login: 1518165974499
  logout: 1518165976314
ipAddress: 61.134.241.62
lastlocation:
  world: zc
  x: 16.79651124143853
  y: 59.0
  z: -5.38704604739514
  yaw: 187.49988
  pitch: 15.299971
money: '100.0'
logoutlocation:
  world: world
  x: -34.107920343669356
  y: 64.0
  z: 188.76249998807907
  yaw: -354.80386
  pitch: 1.3306143
