lastAccountName: zsffd
timestamps:
  login: 1532181102880
  lastteleport: 1531785795029
  logout: 1532181113796
ipAddress: 183.131.116.87
lastlocation:
  world: world
  x: -327.69999998807907
  y: 62.0
  z: 154.69999998807907
  yaw: 328.1994
  pitch: -90.0
money: '6006.42800000000000398'
logoutlocation:
  world: world
  x: -327.5059523621947
  y: 77.0
  z: 122.80080515035156
  yaw: 79.79925
  pitch: -11.700184
homes:
  home:
    world: world
    x: -15040.78373428453
    y: 64.5
    z: -309.0153583163393
    yaw: -275.8501
    pitch: 45.149998
afk: false
