lastAccountName: manc
timestamps:
  login: 1522985398316
  lastteleport: 1522986127635
  logout: 1522987012395
ipAddress: 113.250.224.76
lastlocation:
  world: world
  x: -183.0
  y: 71.0
  z: 172.0
  yaw: 0.9
  pitch: -0.9
logoutlocation:
  world: world
  x: -101.99218936263767
  y: 72.0
  z: 72.48250161923337
  yaw: -43.646805
  pitch: 26.69993
