lastAccountName: ERKE7
timestamps:
  login: 1518519329477
  logout: 1518519360432
ipAddress: 117.81.226.168
lastlocation:
  world: world
  x: -182.71051603628217
  y: 71.0
  z: 172.55415013095396
  yaw: -90.65384
  pitch: -1.3693843
logoutlocation:
  world: zc
  x: 16.5
  y: 59.0
  z: -4.5
  yaw: 186.18713
  pitch: -5.097646
