lastAccountName: Kingly
timestamps:
  login: 1530349403166
  lastteleport: 1530349803856
  logout: 1530349832757
ipAddress: 221.198.231.91
lastlocation:
  world: resources
  x: 598.599221984162
  y: 68.0
  z: 271.52497214878423
  yaw: 350.55014
  pitch: 90.0
logoutlocation:
  world: resources
  x: -520.6999999880791
  y: 76.0
  z: 656.3933225966251
  yaw: -13.848257
  pitch: -6.750018
