lastAccountName: '60662333'
timestamps:
  login: 1502807835178
  logout: 1502807842439
ipAddress: 118.250.212.134
lastlocation:
  world: world
  x: 780.5
  y: 64.0
  z: -1885.5
  yaw: -90.03204
  pitch: 0.14998594
logoutlocation:
  world: world
  x: 780.5
  y: 64.0
  z: -1885.5
  yaw: -187.40881
  pitch: 30.688807
