lastAccountName: qiqi_
timestamps:
  login: 1501847987761
  logout: 1501848006805
ipAddress: 113.222.249.102
lastlocation:
  world: world
  x: -180.02330014119065
  y: 76.0
  z: 173.49329652899618
  yaw: 269.85046
  pitch: 0.44985256
logoutlocation:
  world: world
  x: -180.5
  y: 76.0
  z: 173.5
  yaw: -88.20003
  pitch: -2.5500345
