lastAccountName: GuieUamc
timestamps:
  login: 1531627055921
  lastteleport: 1531627179528
  logout: 1531627832724
ipAddress: 14.145.138.100
lastlocation:
  world: world
  x: -130.81829612326712
  y: 72.0
  z: 96.61058914201344
  yaw: 298.34866
  pitch: -5.849999
logoutlocation:
  world: resources
  x: -1903.7578361372166
  y: 57.97543191275922
  z: -29.235592511278398
  yaw: 65.12269
  pitch: -7.4999876
