lastAccountName: kid
timestamps:
  login: 1502887529989
  logout: 1502804542295
  lastteleport: 1502803465529
ipAddress: 117.167.53.9
lastlocation:
  world: world_nether
  x: 2322.874744952903
  y: 128.0
  z: 275.48568331602456
  yaw: 271.72412
  pitch: 18.988571
logoutlocation:
  world: world
  x: 57.749323795234204
  y: 105.0
  z: 2163.083001153304
  yaw: -351.78745
  pitch: 31.785376
money: '19518.8848762499999907'
afk: false
homes:
  b:
    world: world
    x: 4862.039281416381
    y: 67.0
    z: 11826.519800831915
    yaw: -356.08466
    pitch: 16.222677
  a:
    world: world
    x: 117.47570256966777
    y: 65.0
    z: 2247.7378001516317
    yaw: -186.9169
    pitch: 32.480217
  c:
    world: world
    x: -55.965800730384586
    y: 113.0
    z: 163.00204153291557
    yaw: 98.0928
    pitch: 18.54346
