lastAccountName: kid
timestamps:
  login: 1502164935605
  logout: 1502184323707
  lastteleport: 1502183932144
ipAddress: 39.179.254.131
lastlocation:
  world: zy
  x: -74.69999998807907
  y: 15.0
  z: 230.50692308772523
  yaw: 192.94243
  pitch: 26.503113
logoutlocation:
  world: world
  x: -179.9818815005501
  y: 72.0
  z: 121.57258939879287
  yaw: 156.71289
  pitch: 15.418462
money: '22416.3899999999999907'
afk: false
