lastAccountName: kid
timestamps:
  login: 1506858648629
  logout: 1506866602155
  lastteleport: 1506865002297
ipAddress: 39.167.156.213
lastlocation:
  world: world
  x: 123.4506234847051
  y: 55.0
  z: 2248.0205676366945
  yaw: -232.5117
  pitch: 23.188534
logoutlocation:
  world: world
  x: -14739.939816227707
  y: 143.0
  z: 12.680979583706353
  yaw: 249.05945
  pitch: 34.521534
money: '36752.9958762499999907'
afk: false
homes:
  a:
    world: world
    x: 117.47570256966777
    y: 65.0
    z: 2247.7378001516317
    yaw: -186.9169
    pitch: 32.480217
  c:
    world: world
    x: -55.965800730384586
    y: 113.0
    z: 163.00204153291557
    yaw: 98.0928
    pitch: 18.54346
