lastAccountName: AutismNOOB
timestamps:
  login: 1532336059178
  logout: 1532336065743
  lastteleport: 1532181600742
ipAddress: 114.135.3.118
lastlocation:
  world: resources
  x: 638.6999999880791
  y: 66.25220334025373
  z: 327.13183626175476
  yaw: -69.28675
  pitch: 31.851109
logoutlocation:
  world: resources
  x: 791.6233279753894
  y: 22.0
  z: 465.52613106426077
  yaw: 177.3436
  pitch: 22.435272
money: '126.7'
