lastAccountName: Chilli_Paste
timestamps:
  login: 1531906277796
  lastteleport: 1531906481062
  logout: 1531906503538
ipAddress: 221.233.172.204
lastlocation:
  world: world
  x: -132.90730421484272
  y: 68.0
  z: 157.45980171044818
  yaw: -146.64722
  pitch: 39.37496
logoutlocation:
  world: world
  x: -200.68886180298705
  y: 65.0
  z: 9.781412912895048
  yaw: 192.36606
  pitch: 4.499775
