lastAccountName: Yan_guilai
timestamps:
  login: 1526990303822
  logout: 1526990625303
  lastteleport: 1526736794387
ipAddress: 183.250.166.228
afk: false
logoutlocation:
  world: resources
  x: 1196.6900574703468
  y: 63.0
  z: 923.6757358352983
  yaw: 171.66522
  pitch: 22.20005
lastlocation:
  world: world
  x: -3766.300000011921
  y: 63.0
  z: 1562.699999988079
  yaw: -244.65126
  pitch: 16.049994
money: '381.256999999999999995'
homes:
  a:
    world: resources
    x: 676.1372382386161
    y: 10.0
    z: 226.69999998807907
    yaw: 147.89697
    pitch: 33.450058
