lastAccountName: TommyWong
timestamps:
  login: 1501767978395
  logout: 1501768126861
  lastteleport: 1501768109081
ipAddress: 114.39.86.2
lastlocation:
  world: world
  x: -180.02330014119065
  y: 76.0
  z: 173.49329652899618
  yaw: 323.25052
  pitch: 37.349854
logoutlocation:
  world: world
  x: -157.21544047837915
  y: 81.0
  z: 68.27573196089237
  yaw: 340.649
  pitch: 25.65001
