lastAccountName: hyunaa
timestamps:
  login: 1518687547444
  logout: 1518687678591
ipAddress: 122.139.198.124
lastlocation:
  world: world
  x: -182.71051603628217
  y: 71.0
  z: 172.55415013095396
  yaw: -90.65384
  pitch: -1.3693843
logoutlocation:
  world: zc
  x: 16.049124131572867
  y: 59.0
  z: -4.089823260177037
  yaw: 306.60022
  pitch: 17.699968
