lastAccountName: Grasscraft
timestamps:
  login: 1502863947601
  logout: 1502864107221
  lastteleport: 1502755753268
ipAddress: 175.42.161.123
lastlocation:
  world: world
  x: -185.10556188994533
  y: 61.875
  z: 167.55817216585297
  yaw: -250.25386
  pitch: 57.280624
logoutlocation:
  world: world
  x: -540.913621789553
  y: 66.0
  z: 553.8926065646217
  yaw: -200.5559
  pitch: 13.94998
money: '31.64'
homes:
  home:
    world: world
    x: -527.5
    y: 66.0
    z: 563.5
    yaw: -79.65347
    pitch: 11.849834
afk: false
