lastAccountName: Grasscraft
timestamps:
  login: 1502421720340
  logout: 1502424090261
  lastteleport: 1502423019459
ipAddress: 175.42.161.123
lastlocation:
  world: world
  x: 780.7010855640401
  y: 64.0
  z: -1885.5193244898844
  yaw: -90.03204
  pitch: 0.14998594
logoutlocation:
  world: world
  x: -551.6999999880791
  y: 66.0
  z: 567.3000000119209
  yaw: -6.179474
  pitch: -13.949985
money: '3.0'
homes:
  home:
    world: world
    x: -527.5
    y: 66.0
    z: 563.5
    yaw: -79.65347
    pitch: 11.849834
  dongwu:
    world: world
    x: -719.615280522526
    y: 74.0
    z: 415.92338112697337
    yaw: -179.86694
    pitch: 25.35003
afk: false
