lastAccountName: Silver_Wolf
timestamps:
  login: 1502874045284
  logout: 1502874154299
ipAddress: 119.5.199.86
lastlocation:
  world: world
  x: 780.1269107777796
  y: 64.0
  z: -1885.5006931340995
  yaw: -88.23094
  pitch: 1.1999743
logoutlocation:
  world: world
  x: 782.5745922875379
  y: 73.5
  z: -1883.6040514999659
  yaw: 114.717636
  pitch: 42.750004
