lastAccountName: HPP441
timestamps:
  login: 1502459650143
  logout: 1502459655727
  lastteleport: 1502459094223
ipAddress: 36.237.18.113
lastlocation:
  world: zy
  x: -275.69999998807907
  y: 65.0
  z: -47.334234028336255
  yaw: -62.228516
  pitch: 34.35
logoutlocation:
  world: world_nether
  x: -478.69999998807907
  y: 55.0
  z: 189.51094980619848
  yaw: -202.82135
  pitch: 31.35001
money: '90.0'
