lastAccountName: Qrange0JuicE
timestamps:
  login: 1524275366747
  lastteleport: 1524276042416
  logout: 1524276997882
ipAddress: 114.255.41.165
lastlocation:
  world: world
  x: -225.36706876682035
  y: 64.0625
  z: 14.390005902505456
  yaw: -94.95119
  pitch: 11.2499895
logoutlocation:
  world: world
  x: 722.462785896553
  y: 64.0
  z: 993.9658966967809
  yaw: -29.947998
  pitch: -0.15008965
