lastAccountName: Amallwei
timestamps:
  login: 1532108416136
  lastteleport: 1532110345584
  logout: 1532110685249
  jail: 0
ipAddress: 27.29.224.201
lastlocation:
  world: world
  x: 2563.213274439132
  y: 70.0625
  z: -858.685137720172
  yaw: -91.401794
  pitch: 15.299996
money: '10673.12999999999984'
logoutlocation:
  world: world
  x: 2614.9289569864222
  y: 77.0
  z: -853.7352811553133
  yaw: -261.50397
  pitch: 20.549994
afk: false
homes:
  home:
    world: world
    x: -1388.6
    y: 86.0
    z: 2070.6
    yaw: -69.96999
    pitch: 10.379999
jailed: false
