lastAccountName: AtlantSenyu
timestamps:
  login: 1517230599033
  logout: 1517230752876
ipAddress: 117.10.71.102
lastlocation:
  world: zc
  x: 16.405268755012838
  y: 60.0
  z: 8.1522854182607
  yaw: -66.95268
  pitch: 22.64872
logoutlocation:
  world: world
  x: -3707.990187862731
  y: 69.0
  z: 1505.4212047183294
  yaw: -24.78857
  pitch: 6.874991
money: '100.0'
