lastAccountName: herobbk
timestamps:
  login: 1503627674677
  logout: 1503627712205
ipAddress: 36.149.170.90
lastlocation:
  world: world
  x: -180.07367006594382
  y: 76.0
  z: 173.48296031175605
  yaw: -89.15385
  pitch: 1.6305984
logoutlocation:
  world: world
  x: -180.8267103634854
  y: 76.0
  z: 174.71791323142665
  yaw: -65.75464
  pitch: 38.680588
