lastAccountName: Dsw_meteor
timestamps:
  login: 1530961457234
  lastteleport: 1529494429844
  logout: 1530961614711
ipAddress: 183.2.198.94
lastlocation:
  world: world
  x: -218.80984536661364
  y: 64.0625
  z: 15.126809170213615
  yaw: 343.19876
  pitch: 17.550001
logoutlocation:
  world: world
  x: -55.74984973994878
  y: 58.0
  z: 57.63460770556028
  yaw: 65.31244
  pitch: 23.249968
