lastAccountName: CYuea
timestamps:
  login: 1517285848020
  logout: 1517286110107
  lastteleport: 1517285908330
ipAddress: 123.65.106.6
lastlocation:
  world: zc
  x: 18.195412600834523
  y: 59.0
  z: -5.963272806461768
  yaw: -217.09438
  pitch: -7.2901907
money: '56.7'
logoutlocation:
  world: world
  x: -173.9409739483479
  y: 71.0
  z: 175.39410055955278
  yaw: -57.674072
  pitch: -7.7084346
homes:
  home:
    world: world
    x: -14344.881152009635
    y: 186.0
    z: 331.5135915534662
    yaw: 164.76747
    pitch: 7.6499586
afk: false
