lastAccountName: Black_8s
timestamps:
  login: 1530250302215
  logout: 1530250404058
  lastteleport: 1528513720805
ipAddress: 117.30.138.24
logoutlocation:
  world: world
  x: -3958.925801034184
  y: 71.0
  z: 1515.9224675943112
  yaw: 176.87775
  pitch: 12.599985
lastlocation:
  world: world
  x: 2549.92824490105
  y: 66.0
  z: -825.6989129530189
  yaw: -299.15216
  pitch: 8.100042
homes:
  a:
    world: resources
    x: 1200.984870372639
    y: 64.0
    z: 894.3014820552955
    yaw: -86.49416
    pitch: 26.399931
  b:
    world: world
    x: -3875.093860224827
    y: 66.0
    z: 1491.487500011921
    yaw: 262.34924
    pitch: 20.699934
money: '6686.499999999999898'
afk: false
