lastAccountName: MrR
timestamps:
  login: 1531123219819
  logout: 1531131074077
  lastteleport: 1531130556795
ipAddress: 183.227.179.119
lastlocation:
  world: world
  x: -225.36706876682035
  y: 64.0625
  z: 14.390005902505456
  yaw: -82.801186
  pitch: 10.64999
logoutlocation:
  world: world
  x: 335.50306456301223
  y: 66.0
  z: -1151.7737887216138
  yaw: 38.825806
  pitch: 60.59986
