lastAccountName: Taro_01
timestamps:
  login: 1531663480673
  lastteleport: 1531665953404
  logout: 1531666631251
ipAddress: 113.81.1.234
lastlocation:
  world: world
  x: -219.41343418019446
  y: 54.0
  z: -90.44304399242282
  yaw: 91.80115
  pitch: -80.40006
afk: false
logoutlocation:
  world: world
  x: -213.0645792603124
  y: 64.0
  z: 12.266673737496074
  yaw: -179.70116
  pitch: 29.399992
