lastAccountName: '36250'
timestamps:
  login: 1520742959017
  logout: 1520742993824
ipAddress: 110.252.35.102
lastlocation:
  world: world
  x: -182.71051603628217
  y: 71.0
  z: 172.55415013095396
  yaw: -90.65384
  pitch: -1.3693843
logoutlocation:
  world: zc
  x: 16.541831622831523
  y: 59.0
  z: -4.6409201715141535
  yaw: -165.14975
  pitch: 74.249985
