lastAccountName: Saily
timestamps:
  login: 1506829361413
  logout: 1506829464934
ipAddress: 119.130.79.212
lastlocation:
  world: world
  x: -180.07367006594382
  y: 76.0
  z: 173.48296031175605
  yaw: -89.15385
  pitch: 1.6305984
logoutlocation:
  world: world
  x: -126.5
  y: 86.0
  z: 94.5
  yaw: 61.683075
  pitch: 34.949986
