lastAccountName: shimengmao
timestamps:
  login: 1502942879974
  lastteleport: 1502944176091
  logout: 1502944188070
ipAddress: 122.192.220.72
lastlocation:
  world: zy
  x: -287.1379684983889
  y: 70.0
  z: -2.984599325197851
  yaw: 61.05069
  pitch: 9.299979
money: '80.0'
homes:
  home:
    world: world
    x: -180.71472277220332
    y: 76.0
    z: 173.50428301468492
    yaw: -92.60386
    pitch: 14.380621
logoutlocation:
  world: world
  x: -181.2619142858123
  y: 76.0
  z: 174.0072135030928
  yaw: -315.05377
  pitch: 30.880608
