lastAccountName: Docm77
timestamps:
  login: 1531753247111
  lastteleport: 1531753260612
  logout: 1531753266818
ipAddress: 27.29.224.152
lastlocation:
  world: world
  x: -948.7058780809092
  y: 63.0
  z: 3132.060941460708
  yaw: -46.949768
  pitch: 6.3000035
logoutlocation:
  world: world
  x: -955.5
  y: 63.0
  z: 3135.5
  yaw: -125.85
  pitch: 17.699999
