lastAccountName: Yutianku
timestamps:
  login: 1501858605223
  kits:
    tools: 1501667790383
  logout: 1501858621740
ipAddress: 113.214.214.137
lastlocation:
  world: world
  x: -180.02330014119065
  y: 76.0
  z: 173.49329652899618
  yaw: 269.85046
  pitch: 0.44985256
logoutlocation:
  world: world
  x: -181.00320114443468
  y: 76.0
  z: 170.96940647395326
  yaw: 307.19992
  pitch: -11.850045
