lastAccountName: mengmeizhi
timestamps:
  login: 1503925522609
  logout: 1503925713966
ipAddress: 42.197.245.201
lastlocation:
  world: world
  x: -182.33028153505245
  y: 76.0
  z: 173.60825215276154
  yaw: 5.0461783
  pitch: 56.85001
money: '100.0'
logoutlocation:
  world: world
  x: -3696.086211311741
  y: 64.0
  z: 1324.3598654309938
  yaw: 14.673157
  pitch: -2.8498259
