lastAccountName: JerRy
timestamps:
  login: 1522553392043
  lastteleport: 1522553977144
  logout: 1522554279820
ipAddress: 123.120.200.187
lastlocation:
  world: resources
  x: -263.96358123814343
  y: 97.0
  z: 130.76297642044278
  yaw: -175.34479
  pitch: 4.8000145
logoutlocation:
  world: resources
  x: -38.68953159701461
  y: 67.0
  z: 148.97609506468402
  yaw: -220.95139
  pitch: 19.649872
