lastAccountName: LOVE
timestamps:
  login: 1502274418352
  logout: 1502274429648
ipAddress: 36.232.150.161
lastlocation:
  world: world
  x: -180.02330014119065
  y: 76.0
  z: 173.49329652899618
  yaw: 269.85046
  pitch: 0.44985256
logoutlocation:
  world: world
  x: 780.9295686279387
  y: 64.0
  z: -1885.5163118317723
  yaw: -93.18205
  pitch: 26.249985
