lastAccountName: Zachary_LONG
timestamps:
  login: 1525168463225
  logout: 1525168503549
ipAddress: 120.239.67.154
lastlocation:
  world: world
  x: -208.249998162807
  y: 67.0
  z: 6.349703829256623
  yaw: -66.001274
  pitch: 7.1999903
logoutlocation:
  world: world
  x: -183.7339628444731
  y: 74.0
  z: -1.6736345502668974
  yaw: -220.80115
  pitch: 40.34999
