lastAccountName: Cecizzzz
timestamps:
  login: 1531926248218
  logout: 1531926435569
ipAddress: 106.2.231.69
lastlocation:
  world: world
  x: -225.36706876682035
  y: 64.0
  z: 14.390005902505456
  yaw: -89.40118
  pitch: -2.2500103
logoutlocation:
  world: world
  x: -107.69676850829273
  y: 68.0
  z: -47.809576246216984
  yaw: -3.0024107
  pitch: 25.199959
