lastAccountName: RainBow
timestamps:
  login: 1541236733561
  logout: 1541237020271
  lastteleport: 1541236961712
ipAddress: 1.196.134.157
lastlocation:
  world: world
  x: -135.58743467713666
  y: 70.0
  z: 38.5812482816899
  yaw: -19.800995
  pitch: 23.549978
logoutlocation:
  world: resources
  x: 647.5840387486425
  y: 39.0
  z: 319.03143319152747
  yaw: 313.64993
  pitch: -90.0
money: '250'
