lastAccountName: YJQ1234569
timestamps:
  login: 1522676638582
  logout: 1522676713696
ipAddress: 221.12.41.39
lastlocation:
  world: world
  x: -183.0
  y: 71.0
  z: 172.0
  yaw: 0.0
  pitch: 0.0
logoutlocation:
  world: spawn
  x: 16.003521387717576
  y: 59.0
  z: -4.810153788707615
  yaw: 236.55037
  pitch: 5.099971
