lastAccountName: kiss
timestamps:
  login: 1526133183910
  lastteleport: 1526133595945
  logout: 1526133619069
ipAddress: 175.149.50.136
lastlocation:
  world: world
  x: 261.69999998807907
  y: 61.0
  z: -1354.699999988079
  yaw: 65.99805
  pitch: 89.7
logoutlocation:
  world: world
  x: 108.5
  y: 60.0
  z: -1118.5
  yaw: -158.7024
  pitch: -6.9000044
afk: false
homes:
  home:
    world: world
    x: 108.42458531609294
    y: 60.0
    z: -1118.300680332402
    yaw: 5.697632
    pitch: 9.45
money: '4350'
