lastAccountName: Clement_Elvis_G
timestamps:
  login: 1504179918788
  logout: 1504179946026
ipAddress: 58.182.154.172
lastlocation:
  world: world
  x: -180.07367006594382
  y: 76.0
  z: 173.48296031175605
  yaw: -89.15385
  pitch: 1.6305984
logoutlocation:
  world: world
  x: -126.5
  y: 86.0
  z: 94.5
  yaw: 358.53317
  pitch: -1.3500059
