lastAccountName: woshixwb
timestamps:
  login: 1528083409568
  logout: 1528086317259
  lastteleport: 1528085378855
ipAddress: 59.52.2.208
lastlocation:
  world: resources
  x: 764.839606440649
  y: 79.0
  z: 496.2063969768733
  yaw: 79.90137
  pitch: 33.599976
logoutlocation:
  world: world
  x: -118.22537051400069
  y: 63.0
  z: -176.55963119668309
  yaw: 126.000854
  pitch: 20.54997
money: '1100'
afk: false
