lastAccountName: mcnaicha
timestamps:
  login: 1518336334007
  logout: 1518336341159
ipAddress: 106.226.151.44
lastlocation:
  world: world
  x: -182.71051603628217
  y: 71.0
  z: 172.55415013095396
  yaw: -90.65384
  pitch: -1.3693843
logoutlocation:
  world: zc
  x: -17.15956956232618
  y: 58.0
  z: -45.2656513558918
  yaw: 67.50022
  pitch: 13.94995
