lastAccountName: lookgpy
timestamps:
  login: 1543329478447
  logout: 1543331663240
  lastteleport: 1543331655562
ipAddress: 183.31.121.24
lastlocation:
  world: resources
  x: 823.3000000119209
  y: 64.0
  z: 164.9661793752836
  yaw: -263.55127
  pitch: 28.95005
logoutlocation:
  world: world
  x: -216.45730727336212
  y: 64.0625
  z: 15.158017891217828
  yaw: -47.550003
  pitch: -45.6
homes:
  home:
    world: resources
    x: 796.6751522690928
    y: 68.0
    z: 137.03769987159416
    yaw: 260.54865
    pitch: 33.600063
