lastAccountName: Sroa
timestamps:
  login: 1524498132345
  lastteleport: 1524213640162
  logout: 1524498193471
ipAddress: 120.239.93.85
lastlocation:
  world: spawn
  x: 16.705962704232398
  y: 59.0
  z: 1.9574511514416586
  yaw: -179.85011
  pitch: 20.400045
logoutlocation:
  world: world
  x: -3832.981144554861
  y: 63.0
  z: 1482.5250411585203
  yaw: 230.85202
  pitch: 4.7997923
