lastAccountName: xigai
timestamps:
  login: 1529201861602
  lastteleport: 1529201881155
  logout: 1529201956434
ipAddress: 183.0.172.1
lastlocation:
  world: world
  x: -3624.1557188387455
  y: 65.0
  z: 1490.699999988079
  yaw: 130.20044
  pitch: 11.99999
logoutlocation:
  world: world
  x: -172.50584637677014
  y: 80.0
  z: 78.78285625070613
  yaw: -257.70108
  pitch: -0.6000047
