lastAccountName: qilin
timestamps:
  login: 1502088730022
  logout: 1502090188646
ipAddress: 182.34.80.8
lastlocation:
  world: world
  x: -116.34186256762325
  y: 59.0
  z: 217.69839818631723
  yaw: 57.74878
  pitch: 3.1502066
logoutlocation:
  world: world
  x: -92.01070971499304
  y: 60.0
  z: 206.2070719258644
  yaw: 271.18555
  pitch: 42.149994
