lastAccountName: 5XU7
timestamps:
  login: 1526706142944
  logout: 1526706148785
  lastteleport: 1526701409876
ipAddress: 183.24.97.11
lastlocation:
  world: world
  x: -219.9296129799354
  y: 71.0
  z: 13.780833737242347
  yaw: 127.65001
  pitch: 37.8
logoutlocation:
  world: world
  x: -741.9927986700673
  y: 67.0
  z: 322.3606118279107
  yaw: 352.49997
  pitch: 39.15
afk: false
money: '11113.6'
homes:
  home:
    world: world
    x: -738.8346243911315
    y: 67.0
    z: 325.62632601048125
    yaw: 116.69983
    pitch: 8.399953
