lastAccountName: ink_lotus
timestamps:
  login: 1502008734797
  logout: 1502008821203
  lastteleport: 1501936021839
ipAddress: 116.77.131.209
lastlocation:
  world: zy
  x: -285.4529877700035
  y: 71.0
  z: 143.44213816273844
  yaw: 221.39911
  pitch: 35.40008
money: '100.0'
logoutlocation:
  world: world
  x: -278.9446892380473
  y: 59.0
  z: 154.8557891198062
  yaw: 246.56183
  pitch: 18.750027
