lastAccountName: CC_Minecraft
timestamps:
  login: 1532146761209
  logout: 1532146765649
ipAddress: 221.205.113.103
lastlocation:
  world: world
  x: -225.36706876682035
  y: 64.0
  z: 14.390005902505456
  yaw: -89.40118
  pitch: -2.2500103
logoutlocation:
  world: world
  x: -225.5
  y: 64.0
  z: 14.5
  yaw: -88.951164
  pitch: -0.300002
