lastAccountName: FingerHeart
timestamps:
  login: 1527409385106
  logout: 1527409695492
  lastteleport: 1527409624119
ipAddress: 113.66.119.212
lastlocation:
  world: world
  x: -212.8953411915431
  y: 64.0
  z: 14.262194454718657
  yaw: -75.75115
  pitch: -2.4000187
logoutlocation:
  world: world
  x: -204.15082493766002
  y: 64.0
  z: 14.70599409600868
  yaw: -65.25133
  pitch: 19.199982
homes:
  home:
    world: world
    x: -3719.3172521977326
    y: 63.0
    z: 1532.8883661664358
    yaw: -100.953735
    pitch: 13.949954
afk: false
