lastAccountName: sokos
timestamps:
  login: 1526735081832
  logout: 1526735100544
ipAddress: 120.41.196.206
logoutlocation:
  world: world
  x: -225.36706876682035
  y: 64.0
  z: 14.390005902505456
  yaw: -103.65119
  pitch: 29.09999
