lastAccountName: ssfcd
timestamps:
  login: 1503725292201
  lastteleport: 1503633138937
  logout: 1503725361012
ipAddress: 113.117.45.193
lastlocation:
  world: zy
  x: 5898.092886743833
  y: 66.0
  z: -6338.573360843612
  yaw: -102.75035
  pitch: 27.599993
money: '96.800'
homes:
  home:
    world: zy
    x: 5894.565502879278
    y: 62.0
    z: -6457.836880802554
    yaw: -114.450424
    pitch: 27.749954
logoutlocation:
  world: zy
  x: 5889.699999988079
  y: 37.0
  z: -6436.5112312798465
  yaw: 282.74957
  pitch: 2.3999746
