lastAccountName: jerm666
timestamps:
  login: 1528036106773
  lastteleport: 1528036184044
  logout: 1528036217755
ipAddress: 121.236.54.173
lastlocation:
  world: world_nether
  x: -0.6183389220465697
  y: 86.0
  z: 8.625440156454957
  yaw: -32.099777
  pitch: 41.250134
logoutlocation:
  world: world
  x: 3794.663060621181
  y: 119.0
  z: -6315.262992178384
  yaw: -79.81825
  pitch: 30.750162
