lastAccountName: fa_fada
timestamps:
  login: 1531202816073
  lastteleport: 1531203464078
  logout: 1531203800150
ipAddress: 182.100.107.124
lastlocation:
  world: world
  x: -223.52301595758536
  y: 64.0625
  z: 14.966337594662273
  yaw: -72.00116
  pitch: 27.299992
logoutlocation:
  world: world
  x: -2409.300000011921
  y: 41.0
  z: -1553.237500011921
  yaw: 281.09366
  pitch: -10.1999445
