lastAccountName: Zd_Flame
timestamps:
  login: 1516938480436
  lastteleport: 1516938645310
  logout: 1516938667466
ipAddress: 120.239.76.181
lastlocation:
  world: world_the_end
  x: -7.071517891390432
  y: 64.0
  z: -8.924820542848678
  yaw: 142.0508
  pitch: 15.900074
money: '4.0'
homes:
  home:
    world: world
    x: -14349.5
    y: 185.0
    z: 330.5
    yaw: 52.5667
    pitch: 90.0
logoutlocation:
  world: world_the_end
  x: -7.071517891390432
  y: 64.0
  z: -8.924820542848678
  yaw: 142.0508
  pitch: 15.900074
afk: false
