lastAccountName: Orange0JuIcE
timestamps:
  login: 1502887238425
  logout: 1502887341919
  lastteleport: 1502887115612
ipAddress: 211.162.10.87
lastlocation:
  world: world
  x: -185.46479213925545
  y: 74.0
  z: -678.3763704617021
  yaw: 78.45002
  pitch: 21.75
money: '5523.370549999999959'
logoutlocation:
  world: world
  x: -90.1579005975813
  y: 80.0
  z: -489.3575446896608
  yaw: -278.5505
  pitch: 28.500013
afk: false
homes:
  a:
    world: world
    x: 847.6913692311588
    y: 65.0
    z: -1733.699999988079
    yaw: -266.09344
    pitch: 26.400251
  b:
    world: world
    x: -82.92837029782554
    y: 86.0
    z: -488.9437790765179
    yaw: -316.50098
    pitch: 45.150005
