lastAccountName: Orange0JuIcE
timestamps:
  login: 1502324831822
  logout: 1502325745861
  lastteleport: 1502324981453
ipAddress: 211.162.10.197
lastlocation:
  world: world
  x: -75.20922915483081
  y: 82.0
  z: -479.8852199961529
  yaw: -220.5011
  pitch: 33.899998
money: '6191.019999999999999'
logoutlocation:
  world: zy
  x: -235.13912324601677
  y: 71.0
  z: 1106.7589534096492
  yaw: -298.79077
  pitch: 25.649952
afk: false
homes:
  a:
    world: world
    x: 847.6913692311588
    y: 65.0
    z: -1733.699999988079
    yaw: -266.09344
    pitch: 26.400251
  b:
    world: world
    x: -82.92837029782554
    y: 86.0
    z: -488.9437790765179
    yaw: -316.50098
    pitch: 45.150005
