lastAccountName: Summerxia
timestamps:
  login: 1528522339183
  logout: 1528522483809
ipAddress: 110.250.101.75
logoutlocation:
  world: world
  x: -43.62638883732964
  y: 63.0
  z: 94.95768930178573
  yaw: -115.05231
  pitch: 45.299984
