lastAccountName: perak321
timestamps:
  login: 1503968787707
  logout: 1503968837617
ipAddress: 1.32.73.55
lastlocation:
  world: zy
  x: -361.16080835374123
  y: 7.0
  z: -27.455728881282788
  yaw: 316.72888
  pitch: 54.1613
logoutlocation:
  world: world
  x: -180.5
  y: 61.0
  z: 173.5
  yaw: -178.97955
  pitch: 2.2500234
money: '90.0'
