lastAccountName: perak321
timestamps:
  login: 1502183940049
  logout: 1502184004104
ipAddress: 1.32.76.212
lastlocation:
  world: world
  x: -180.02330014119065
  y: 76.0
  z: 173.49329652899618
  yaw: 269.85046
  pitch: 0.44985256
logoutlocation:
  world: world
  x: -180.5
  y: 76.0
  z: 173.5
  yaw: -88.20003
  pitch: -2.5500345
