lastAccountName: Firebat
timestamps:
  login: 1523196335387
  lastteleport: 1523196559131
  logout: 1523196945787
ipAddress: 219.135.196.50
lastlocation:
  world: resources
  x: -322.8577323728855
  y: 69.0
  z: 426.1166991894937
  yaw: -48.300354
  pitch: 37.949993
logoutlocation:
  world: resources
  x: -415.3896666113363
  y: 85.0
  z: 129.0474072604823
  yaw: 156.59933
  pitch: -2.3999863
