lastAccountName: Orange_ay
timestamps:
  login: 1531646123492
  logout: 1531646277762
ipAddress: 117.83.79.154
lastlocation:
  world: world
  x: -225.36706876682035
  y: 64.0
  z: 14.390005902505456
  yaw: -89.40118
  pitch: -2.2500103
logoutlocation:
  world: world
  x: 7.63438889789525
  y: 63.0
  z: 3.9851283387310272
  yaw: -146.81857
  pitch: 18.614868
