lastAccountName: chen511215
timestamps:
  login: 1503377329168
  logout: 1503377467563
ipAddress: 220.134.40.179
lastlocation:
  world: world
  x: -180.07367006594382
  y: 76.0
  z: 173.48296031175605
  yaw: -89.15385
  pitch: 1.6305984
logoutlocation:
  world: world
  x: -180.39301114989038
  y: 76.0
  z: 173.86247067444128
  yaw: -92.00455
  pitch: 15.130593
