lastAccountName: qiguaiwudi123
timestamps:
  login: 1502098044163
  lastteleport: 1502098179306
  logout: 1502098444020
ipAddress: 124.236.145.115
lastlocation:
  world: world
  x: -45.725904465294846
  y: 65.0
  z: 180.76432605260814
  yaw: 117.42423
  pitch: 84.81049
logoutlocation:
  world: world
  x: -178.83558417089918
  y: 76.0
  z: 172.99599920896128
  yaw: 246.61845
  pitch: 6.2729425
