lastAccountName: Shen_Hua
timestamps:
  login: 1502521757769
  logout: 1502523196154
  lastteleport: 1502523134308
ipAddress: 117.86.27.126
lastlocation:
  world: world
  x: -180.85806800258422
  y: 76.0
  z: 174.47063368568394
  yaw: 157.65057
  pitch: -1.8001412
money: '100.0'
logoutlocation:
  world: world
  x: -3740.064672060987
  y: 69.0
  z: 1611.702640428274
  yaw: -88.82034
  pitch: -28.049927
homes:
  home:
    world: world
    x: -3713.7412567240854
    y: 78.0
    z: 1609.9497261894041
    yaw: -202.97057
    pitch: 45.600075
