lastAccountName: Shen_Hua
timestamps:
  login: 1502431356749
  logout: 1502432693921
ipAddress: 49.79.5.120
lastlocation:
  world: zy
  x: -320.30000001192093
  y: 77.0
  z: 135.8420279985317
  yaw: 115.34985
  pitch: 90.0
money: '100.0'
logoutlocation:
  world: world
  x: -3712.0971742951174
  y: 78.0
  z: 1609.8452018660776
  yaw: -33.16812
  pitch: -74.24999
