lastAccountName: soul_king
timestamps:
  login: 1523793909868
  logout: 1523794765974
  lastteleport: 1523793699964
ipAddress: 125.59.3.201
lastlocation:
  world: resources
  x: -264.0
  y: 65.0
  z: 218.0
  yaw: -250.80002
  pitch: 9.300001
logoutlocation:
  world: resources
  x: -559.3228220275872
  y: 42.0
  z: -514.9980893988242
  yaw: -351.63892
  pitch: 21.749966
