lastAccountName: rk5k
timestamps:
  login: 1502676965650
  lastteleport: 1502679031348
  logout: 1502679228742
ipAddress: 101.88.97.201
lastlocation:
  world: zy
  x: -309.27785967997363
  y: 77.0
  z: 137.38076091279518
  yaw: -191.6294
  pitch: 31.611006
money: '100.0'
logoutlocation:
  world: zy
  x: -263.3672424870559
  y: 71.0
  z: 218.4835614181261
  yaw: -272.1698
  pitch: 40.721947
