lastAccountName: ByKickyyy
timestamps:
  login: 1518851651125
  logout: 1518851654772
ipAddress: 60.13.115.180
lastlocation:
  world: world
  x: -182.71051603628217
  y: 71.0
  z: 172.55415013095396
  yaw: -90.65384
  pitch: -1.3693843
logoutlocation:
  world: zc
  x: 15.927915146260705
  y: 59.0
  z: -11.822742210048293
  yaw: -165.45001
  pitch: -14.100031
