lastAccountName: Saraphines
timestamps:
  login: 1501990107037
  lastteleport: 1501990239113
  logout: 1501990295024
ipAddress: 111.76.106.96
lastlocation:
  world: world
  x: -183.06967851964802
  y: 61.875
  z: 161.30000001192093
  yaw: -120.32939
  pitch: 39.81199
money: '100.0'
logoutlocation:
  world: world
  x: -179.2504361929828
  y: 62.0
  z: 189.69999998807907
  yaw: -71.344826
  pitch: 5.98225
