lastAccountName: Handsome
timestamps:
  login: 1501994610014
  lastteleport: 1501857866398
  logout: 1501995368415
ipAddress: 120.37.177.95
lastlocation:
  world: world
  x: -871.3955567176744
  y: 11.0
  z: 842.6310700080776
  yaw: 4.1103516
  pitch: 6.300068
money: '65.0'
homes:
  home:
    world: world
    x: -873.3918126261813
    y: 63.0
    z: 905.3662760886843
    yaw: 269.88477
    pitch: 31.20002
logoutlocation:
  world: world
  x: -895.104089697507
  y: 63.0
  z: 833.7042326651062
  yaw: 19.829834
  pitch: 85.05016
