lastAccountName: STR_A
timestamps:
  login: 1531456530684
  lastteleport: 1531457630686
  logout: 1531457710147
ipAddress: 222.140.129.209
lastlocation:
  world: world
  x: 31.565864051964397
  y: 70.0
  z: -699.9813405194715
  yaw: -347.3538
  pitch: 23.718342
logoutlocation:
  world: world
  x: 2502.4347085369322
  y: 72.0
  z: -903.2837736641026
  yaw: -262.88943
  pitch: 16.298733
