lastAccountName: LBb
timestamps:
  login: 1524056799110
  lastteleport: 1524061462888
  logout: 1524063828609
ipAddress: 183.24.97.7
lastlocation:
  world: world
  x: -3250.5236344554264
  y: 2.0
  z: -4021.2941304013443
  yaw: 132.08594
  pitch: -5.99997
logoutlocation:
  world: world
  x: -3276.3417134099445
  y: 69.0
  z: -3990.7811268002356
  yaw: 6.2262545
  pitch: 23.24984
homes:
  home:
    world: world
    x: -3267.466185297666
    y: 70.0
    z: -3980.348401879941
    yaw: 30.219727
    pitch: 26.249763
afk: false
