lastAccountName: Loktar
timestamps:
  login: 1541414748171
  logout: 1541414917298
  lastteleport: 1541414888109
ipAddress: 119.85.172.52
lastlocation:
  world: world
  x: 864.0640192265312
  y: 82.0
  z: 621.6903268325169
  yaw: -209.47215
  pitch: 11.48374
logoutlocation:
  world: world
  x: -176.3766095149371
  y: 75.0
  z: 8.622634020078685
  yaw: -347.1699
  pitch: 37.943047
