lastAccountName: LatteIc
timestamps:
  login: 1529311064191
  logout: 1529312191015
ipAddress: 1.181.53.154
lastlocation:
  world: world
  x: -210.4364549128644
  y: 48.0
  z: 102.19161210724441
  yaw: 225.89917
  pitch: 9.900229
logoutlocation:
  world: world
  x: -225.36706876682035
  y: 64.0625
  z: 14.390005902505456
  yaw: -88.80117
  pitch: -2.8500102
