lastAccountName: kong_sang
timestamps:
  login: 1530628925988
  logout: 1530629639631
ipAddress: 112.242.57.110
lastlocation:
  world: world
  x: -225.36706876682035
  y: 64.0
  z: 14.390005902505456
  yaw: -89.40118
  pitch: -2.2500103
logoutlocation:
  world: world
  x: -204.69999998807907
  y: 74.0
  z: -102.49186399056413
  yaw: 90.89819
  pitch: 14.399969
