lastAccountName: MC_233
timestamps:
  login: 1506840882050
  logout: 1506840897143
ipAddress: 182.123.177.23
lastlocation:
  world: world
  x: -180.07367006594382
  y: 76.0
  z: 173.48296031175605
  yaw: -89.15385
  pitch: 1.6305984
logoutlocation:
  world: world
  x: -180.5
  y: 76.0
  z: 173.5
  yaw: -96.353836
  pitch: 43.480602
