lastAccountName: Yailay
timestamps:
  login: 1524487786091
  logout: 1524488008168
  lastteleport: 1524487942487
ipAddress: 125.94.208.27
lastlocation:
  world: world
  x: 2571.7734439675296
  y: 66.0
  z: -796.7716694755579
  yaw: -45.95117
  pitch: 55.64999
logoutlocation:
  world: world
  x: 12099.300000011921
  y: 69.90199999809265
  z: 1466.519914057455
  yaw: 83.112305
  pitch: 24.30007
afk: false
money: '3703.4'
