lastAccountName: Jemmkers
timestamps:
  login: 1526806636773
  logout: 1526806681904
ipAddress: 139.214.162.177
logoutlocation:
  world: world
  x: -191.69999998807907
  y: 70.0
  z: 0.40442324405101787
  yaw: 163.04836
  pitch: 10.949983
