lastAccountName: pai_shen
timestamps:
  login: 1530617791403
  logout: 1530617851294
  lastteleport: 1530617818009
ipAddress: 117.163.225.41
lastlocation:
  world: world
  x: -218.12336193813044
  y: 64.0625
  z: 16.465999606503573
  yaw: 200.54895
  pitch: 0.7499811
logoutlocation:
  world: world_the_end
  x: 1345.397365364594
  y: 103.0
  z: 1998.7571926054743
  yaw: 193.63594
  pitch: -16.51622
