lastAccountName: YGuang
timestamps:
  login: 1526726080205
  lastteleport: 1526726541680
  logout: 1526726629243
ipAddress: 111.27.116.184
lastlocation:
  world: resources
  x: 711.9307090946597
  y: 70.0
  z: 235.69999998807907
  yaw: 328.94983
  pitch: 21.749966
logoutlocation:
  world: world
  x: -3699.2380040976377
  y: 64.0
  z: 1576.8414065905984
  yaw: -121.50125
  pitch: 15.750008
