lastAccountName: asdfg
timestamps:
  login: 1503227338757
  logout: 1503227399256
ipAddress: 36.237.250.54
lastlocation:
  world: world
  x: -180.07367006594382
  y: 76.0
  z: 173.48296031175605
  yaw: -89.15385
  pitch: 1.6305984
logoutlocation:
  world: world
  x: -178.4782082820871
  y: 76.0
  z: 175.15701320603804
  yaw: -92.603836
  pitch: 19.349989
