lastAccountName: Peak_leaf
timestamps:
  login: 1524264425998
  logout: 1524266296047
  lastteleport: 1524266244840
ipAddress: 120.239.162.103
lastlocation:
  world: world
  x: 2590.582780391193
  y: 65.0
  z: -816.5779927680011
  yaw: -204.35168
  pitch: 1.8000361
logoutlocation:
  world: world
  x: -194.74782022681472
  y: 64.0
  z: 562.2571273110465
  yaw: 317.73718
  pitch: 9.749959
homes:
  home:
    world: world
    x: -202.28650558394222
    y: 63.0
    z: 565.6143569912309
    yaw: 211.6875
    pitch: 0.59996134
money: '28.0'
