lastAccountName: 8_BIT_PIXEL_
timestamps:
  login: 1519108281078
  logout: 1519108419691
ipAddress: 101.30.60.117
lastlocation:
  world: world
  x: -182.71051603628217
  y: 71.0
  z: 172.55415013095396
  yaw: -90.65384
  pitch: -1.3693843
logoutlocation:
  world: zc
  x: 11.887964726079867
  y: 60.0
  z: -15.902399627825385
  yaw: -317.11496
  pitch: 8.569822
