lastAccountName: Humphery_Andri
timestamps:
  login: 1527662804592
  lastteleport: 1524928942426
  logout: 1527663011367
ipAddress: 58.154.172.157
lastlocation:
  world: world
  x: -829.765798604181
  y: 67.0
  z: -56.87019454259789
  yaw: 78.99109
  pitch: 26.83433
logoutlocation:
  world: world
  x: -795.1813790381286
  y: 64.5
  z: -39.44943453874744
  yaw: 87.49617
  pitch: 31.62114
homes:
  home:
    world: world
    x: -830.0457066479703
    y: 67.0
    z: -60.77300231105363
    yaw: 353.83298
    pitch: 13.499927
  home1:
    world: world
    x: 2202.5895892063922
    y: 95.0
    z: 1256.7800282681017
    yaw: -80.551735
    pitch: 32.400024
  home2:
    world: world
    x: -5.469184493422718
    y: 72.0
    z: -2162.254688592802
    yaw: -164.70067
    pitch: -60.300026
  home3:
    world: world
    x: -892.6288044516027
    y: 80.0
    z: 77.16058431650679
    yaw: 347.54956
    pitch: 82.79999
money: '11964.8'
afk: false
