lastAccountName: Enchanted
timestamps:
  login: 1505620225513
  logout: 1505620233683
ipAddress: 183.217.95.2
lastlocation:
  world: world
  x: -180.07367006594382
  y: 76.0
  z: 173.48296031175605
  yaw: -89.15385
  pitch: 1.6305984
logoutlocation:
  world: world
  x: -126.5
  y: 86.0
  z: 94.5
  yaw: 284.88315
  pitch: -18.600008
