lastAccountName: Tonky
timestamps:
  login: 1501936180604
  logout: 1501938619714
ipAddress: 103.240.126.18
lastlocation:
  world: zy
  x: 79.65188625770065
  y: 38.0
  z: 4.64324514056373
  yaw: -166.85022
  pitch: 9.791962
money: '100.0'
logoutlocation:
  world: world
  x: 546.8760378620142
  y: 63.0
  z: 64.69521735095361
  yaw: -182.92451
  pitch: 0.8848166
