lastAccountName: che
timestamps:
  login: 1528374604692
  lastteleport: 1528379623060
  logout: 1528379903075
ipAddress: 14.223.185.165
lastlocation:
  world: world
  x: -225.36706876682035
  y: 64.0625
  z: 14.390005902505456
  yaw: -89.40118
  pitch: -2.2500103
logoutlocation:
  world: world
  x: -283.5211152513521
  y: 98.0
  z: 377.21791884748507
  yaw: 320.1311
  pitch: 36.299988
