lastAccountName: WheatSeller
timestamps:
  login: 1503828071304
  lastteleport: 1503065315772
  logout: 1503828242102
ipAddress: 110.183.41.209
lastlocation:
  world: zy
  x: -230.63340040322322
  y: 69.23152379758702
  z: 172.37134847177205
  yaw: 77.227234
  pitch: 70.20004
money: '100.0'
logoutlocation:
  world: zy
  x: -81.16326387991163
  y: 64.0
  z: 2.4290247756266075
  yaw: -81.74996
  pitch: 31.049936
afk: false
