lastAccountName: ling
timestamps:
  login: 1530191960380
  logout: 1530197548290
  lastteleport: 1530197251425
ipAddress: 223.255.127.36
lastlocation:
  world: world
  x: -225.36706876682035
  y: 64.0625
  z: 14.390005902505456
  yaw: -89.40118
  pitch: -2.2500103
afk: false
logoutlocation:
  world: world
  x: -513.5574260009879
  y: 70.5
  z: -59.96558434866214
  yaw: -0.8988037
  pitch: -9.7500515
money: '60.2'
