lastAccountName: NingZiZhun
timestamps:
  login: 1529153777687
  lastteleport: 1529153979994
  logout: 1529154031147
ipAddress: 222.248.52.15
lastlocation:
  world: resources
  x: 771.7454861003971
  y: 65.0
  z: 354.2577612073731
  yaw: 221.69989
  pitch: 51.00001
logoutlocation:
  world: world
  x: 1015.302804353727
  y: 64.0
  z: 7201.191405080107
  yaw: -67.05013
  pitch: 17.399973
