lastAccountName: FingerHeart
timestamps:
  login: 1517898811151
  lastteleport: 1517900448329
  logout: 1517900697233
ipAddress: 14.18.35.175
lastlocation:
  world: world
  x: 137.90700602081714
  y: 65.0
  z: 2190.0232589275597
  yaw: 340.80396
  pitch: 10.349994
money: '0.0'
homes:
  home:
    world: world
    x: -3626.2945975477355
    y: 65.0
    z: 1488.7802713204812
    yaw: -101.73263
    pitch: 20.40016
logoutlocation:
  world: world
  x: -3716.930194082357
  y: 63.0
  z: 1531.8638360003165
  yaw: 342.71893
  pitch: 18.749985
afk: false
