lastAccountName: Link
timestamps:
  login: 1519114951412
  logout: 1519114956016
ipAddress: 60.13.115.180
lastlocation:
  world: world
  x: -182.71051603628217
  y: 71.0
  z: 172.55415013095396
  yaw: -90.65384
  pitch: -1.3693843
logoutlocation:
  world: zc
  x: 16.5
  y: 59.0
  z: -4.5
  yaw: 190.65024
  pitch: -3.0000257
