lastAccountName: Jioke
timestamps:
  login: 1502368639777
  logout: 1502368660265
  lastteleport: 1502360354252
  jail: 0
ipAddress: 27.156.49.22
lastlocation:
  world: world
  x: -503.75574244582685
  y: 64.0
  z: 649.2925992575733
  yaw: 59.174286
  pitch: 17.93967
logoutlocation:
  world: world
  x: 107.30724441350375
  y: 16.0
  z: 2209.173364218227
  yaw: -48.217644
  pitch: 42.44986
money: '685.0'
homes:
  c:
    world: world
    x: 134.58028137115454
    y: 63.0625
    z: 2251.327330629488
    yaw: -343.7174
    pitch: 19.799889
  dy:
    world: world_nether
    x: 364.3606640211646
    y: 73.0
    z: 360.22890812407616
    yaw: 5.183516
    pitch: 13.04995
  jj:
    world: world
    x: -3742.4986035642287
    y: 63.0
    z: 1507.0127745369987
    yaw: 353.0725
    pitch: 32.549953
afk: false
nickname: Jioke
jailed: false
