lastAccountName: Jioke
timestamps:
  login: 1530434905748
  logout: 1530438121291
  lastteleport: 1530437976135
  jail: 0
ipAddress: 59.56.154.23
lastlocation:
  world: world
  x: 30.26688141710843
  y: 88.7809714374114
  z: 2203.3025810235577
  yaw: -142.17282
  pitch: 6.2537146
logoutlocation:
  world: world
  x: -14.827671143667523
  y: 101.12805293331655
  z: -736.168257826771
  yaw: -237.67657
  pitch: 52.302296
money: '124676.3489999999957176'
homes:
  c:
    world: world
    x: 134.58028137115454
    y: 63.0625
    z: 2251.327330629488
    yaw: -343.7174
    pitch: 19.799889
  cz:
    world: world
    x: 4864.187778716545
    y: 68.0
    z: 11823.451557516535
    yaw: -332.34473
    pitch: 5.699961
  p:
    world: world
    x: 23.973286531751697
    y: 77.0
    z: -684.397037283082
    yaw: 200.32281
    pitch: 17.386042
afk: false
nickname: Jioke
jailed: false
