lastAccountName: Jioke
timestamps:
  login: 1502706444407
  logout: 1502706732852
  lastteleport: 1502706612433
  jail: 0
ipAddress: 27.155.241.10
lastlocation:
  world: world_nether
  x: 365.4497196665652
  y: 128.0
  z: 356.69999998807907
  yaw: -21.816742
  pitch: 52.949936
logoutlocation:
  world: world
  x: 173.73450566386578
  y: 63.0
  z: 2210.411241085122
  yaw: -89.017456
  pitch: 0.14989577
money: '0.00'
homes:
  c:
    world: world
    x: 134.58028137115454
    y: 63.0625
    z: 2251.327330629488
    yaw: -343.7174
    pitch: 19.799889
  dy:
    world: world_nether
    x: 364.3606640211646
    y: 73.0
    z: 360.22890812407616
    yaw: 5.183516
    pitch: 13.04995
  cz:
    world: world
    x: 4864.187778716545
    y: 68.0
    z: 11823.451557516535
    yaw: -332.34473
    pitch: 5.699961
afk: false
nickname: Jioke
jailed: false
