lastAccountName: Blue_Banany
timestamps:
  login: 1532181125960
  lastteleport: 1532181716069
  logout: 1532182192093
ipAddress: 111.17.39.178
lastlocation:
  world: world
  x: 39.866671865816386
  y: 71.0
  z: 2213.5467999416865
  yaw: -194.27884
  pitch: 8.4171
logoutlocation:
  world: world
  x: 126.70166517887442
  y: 64.0
  z: 2120.373249419401
  yaw: 294.2832
  pitch: 31.6228
