lastAccountName: GooDByebyE
timestamps:
  login: 1503534343783
  logout: 1503535365073
  lastteleport: 1503534391996
ipAddress: 119.183.77.114
lastlocation:
  world: zy_the_end
  x: 18.93509351119073
  y: -64.52044767142058
  z: 94.23851839823806
  yaw: 22.650232
  pitch: 76.04998
money: '100.0'
logoutlocation:
  world: zy_the_end
  x: -4.2308646837820305
  y: 64.0
  z: 0.27512375799824085
  yaw: -87.44987
  pitch: 2.0999992
