lastAccountName: ssced
timestamps:
  login: 1517559146595
  logout: 1517560794959
ipAddress: 183.240.20.69
logoutlocation:
  world: world
  x: -64.06025611761247
  y: 63.0
  z: 125.50130256244836
  yaw: 5.8498535
  pitch: 2.4000137
lastlocation:
  world: world
  x: -178.4882681256975
  y: 71.0
  z: 175.88667713855116
  yaw: 96.24615
  pitch: 10.780614
money: '100.0'
