lastAccountName: stonfucksky
timestamps:
  login: 1528702607372
  logout: 1528702936033
  lastteleport: 1528702785524
ipAddress: 221.229.206.163
lastlocation:
  world: world
  x: 0.01120723627675213
  y: 11.0
  z: -569.9931813811463
  yaw: -75.02048
  pitch: 48.45004
logoutlocation:
  world: world
  x: -225.15948464811134
  y: 64.0625
  z: 14.018090240707236
  yaw: -130.35123
  pitch: 8.54999
