lastAccountName: Carlerka
timestamps:
  login: 1529470054337
  lastteleport: 1529470164252
  logout: 1529470205005
ipAddress: 223.74.124.202
lastlocation:
  world: world
  x: -86.88644337061764
  y: 72.0
  z: 0.08996872842021793
  yaw: -293.7012
  pitch: 12.599981
logoutlocation:
  world: world
  x: -224.56887394527018
  y: 74.0
  z: -44.55334308004376
  yaw: 191.24896
  pitch: -1.800001
