lastAccountName: '121238'
timestamps:
  login: 1531896696621
  lastteleport: 1531897593698
  logout: 1531897721810
ipAddress: 182.129.11.167
lastlocation:
  world: world
  x: -270.0118380824556
  y: 72.0
  z: -148.63244885413184
  yaw: -236.92911
  pitch: 21.28495
logoutlocation:
  world: world
  x: -190.8194640445109
  y: 73.0
  z: 29.43056454586723
  yaw: -101.866936
  pitch: 11.613787
