lastAccountName: xiaoxia_summer
timestamps:
  login: 1502327686185
  logout: 1502327928794
ipAddress: 183.246.132.99
lastlocation:
  world: world
  x: -3990.4455961373424
  y: 63.0
  z: 1382.912369033254
  yaw: 68.521255
  pitch: 12.599935
money: '100.0'
logoutlocation:
  world: world
  x: -196.66414260432623
  y: 76.0
  z: 186.69999998807907
  yaw: 26.550568
  pitch: 33.749866
