lastAccountName: GreenGrass
timestamps:
  login: 1525489758120
  lastteleport: 1525490063314
  logout: 1525491290757
ipAddress: 121.206.175.15
lastlocation:
  world: world
  x: -203.1083448616536
  y: 109.0
  z: -437.5168752421252
  yaw: -298.0713
  pitch: 45.294666
afk: false
homes:
  home:
    world: world
    x: -2097.562677394245
    y: 72.0
    z: -1843.14810499018
    yaw: -83.400055
    pitch: 18.899977
money: '14592.36'
logoutlocation:
  world: world
  x: -15188.879507502399
  y: 89.37539228496072
  z: -296.0887539544661
  yaw: 204.75757
  pitch: 33.0
