lastAccountName: Xiao_feng_von
timestamps:
  login: 1505025219226
  logout: 1505027073036
  lastteleport: 1505026799442
ipAddress: 121.11.199.23
lastlocation:
  world: world
  x: -126.27571651252032
  y: 86.0
  z: 95.29368673027867
  yaw: 16.813534
  pitch: 22.853144
money: '100.0'
logoutlocation:
  world: world
  x: -14771.517163815037
  y: 65.0
  z: 50.55474584772492
  yaw: 314.73248
  pitch: 8.969189
