lastAccountName: Noobaby_2RD
timestamps:
  login: 1519185236048
  lastteleport: 1519185503707
  logout: 1519185680094
ipAddress: 1.31.110.154
lastlocation:
  world: zy
  x: -295.51044261842986
  y: 61.0
  z: 212.6702560946789
  yaw: -60.15025
  pitch: 90.0
logoutlocation:
  world: world
  x: -269.24810297151635
  y: 85.0
  z: 328.5859190022291
  yaw: 30.095968
  pitch: 64.19995
