lastAccountName: hg1
timestamps:
  login: 1541661463981
  logout: 1541661551694
ipAddress: 116.8.56.215
lastlocation:
  world: world
  x: -136.69575173063828
  y: 69.0
  z: 32.71304705442141
  yaw: -103.03814
  pitch: 13.216654
logoutlocation:
  world: world
  x: -211.6699590996845
  y: 64.0
  z: 10.256410613481238
  yaw: -92.113304
  pitch: 0.32638174
money: '250'
