lastAccountName: grxgrx1234
timestamps:
  login: 1530792720286
  logout: 1530792848305
ipAddress: 36.149.41.237
lastlocation:
  world: world
  x: -225.36706876682035
  y: 64.0
  z: 14.390005902505456
  yaw: -89.40118
  pitch: -2.2500103
logoutlocation:
  world: world
  x: -204.1150971456748
  y: 64.0
  z: 14.462350158178296
  yaw: -85.50114
  pitch: 12.1500225
