lastAccountName: ServerText
timestamps:
  login: 1501328290851
  logout: 1501335457381
  lastteleport: 1501335059351
ipAddress: 223.73.120.127
lastlocation:
  world: world
  x: -181.01454048749645
  y: 61.0
  z: 173.34766893385148
  yaw: -358.7948
  pitch: -77.700005
logoutlocation:
  world: world
  x: -180.9477083114581
  y: 70.0
  z: 174.2136722071093
  yaw: 320.70004
  pitch: -35.55001
money: '50.0'
