lastAccountName: HailayLin
timestamps:
  login: 1516253309039
  logout: 1516253335260
ipAddress: 223.73.119.12
logoutlocation:
  world: world
  x: -183.71310318551485
  y: 75.36075
  z: 175.69999998807907
  yaw: -254.06691
  pitch: 35.100044
