lastAccountName: maomao
timestamps:
  login: 1503567704778
  logout: 1503568445487
ipAddress: 114.242.250.39
lastlocation:
  world: world
  x: -180.07367006594382
  y: 76.0
  z: 173.48296031175605
  yaw: -89.15385
  pitch: 1.6305984
logoutlocation:
  world: world
  x: -238.99654912609873
  y: 24.0
  z: 140.69999998807907
  yaw: -331.85663
  pitch: -3.7498748
