lastAccountName: MCcuizijian
timestamps:
  login: 1531460904755
  logout: 1531461196443
ipAddress: 115.231.154.171
lastlocation:
  world: world
  x: -104.25489718420431
  y: 65.0
  z: -13.370864515968762
  yaw: -174.00125
  pitch: 50.399994
afk: false
logoutlocation:
  world: world
  x: -82.04864283838774
  y: 73.0
  z: 13.488972251855499
  yaw: -89.55118
  pitch: 37.649975
