lastAccountName: Hailay
timestamps:
  login: 1541226956160
  logout: 1541227137531
  lastteleport: 1524231748637
  kits:
    tools: 1501164720001
ipAddress: 223.73.120.138
lastlocation:
  world: community
  x: -2.8946381421800544
  y: 54.0
  z: 49.36138141804876
  yaw: 68.14203
  pitch: 90.0
logoutlocation:
  world: resources
  x: 701.3897896600919
  y: 88.43263431858038
  z: 209.7583500873805
  yaw: 213.59982
  pitch: -3.1501489
afk: false
money: '23375.712999999999921328'
homes:
  home:
    world: world
    x: -126.55007997946262
    y: 64.0
    z: 222.8832085987958
    yaw: 181.62212
    pitch: 20.250015
  niantushan:
    world: zy
    x: -2263.536977963865
    y: 75.0
    z: -1040.4292230206272
    yaw: -87.33635
    pitch: 27.14995
  kuang:
    world: zy
    x: -278.4711238917255
    y: 11.0
    z: -401.26608230956134
    yaw: -187.05219
    pitch: 13.800052
  jjd:
    world: world
    x: -3759.2067591969926
    y: 63.0
    z: 1542.2104378160484
    yaw: 86.535484
    pitch: 0.45001277
