lastAccountName: Hailay
timestamps:
  login: 1502772160800
  logout: 1502772227686
  lastteleport: 1502459292959
  kits:
    tools: 1501164720001
ipAddress: 115.175.226.9
lastlocation:
  world: world
  x: -3929.9123280940557
  y: 67.0
  z: 1382.5967631098356
  yaw: -19.531769
  pitch: 41.399826
logoutlocation:
  world: world
  x: -178.51032767337452
  y: 61.0
  z: 165.85701386710562
  yaw: -42.05411
  pitch: 23.980696
afk: false
money: '12454.01299999999990073'
homes:
  home:
    world: world
    x: -126.55007997946262
    y: 64.0
    z: 222.8832085987958
    yaw: 181.62212
    pitch: 20.250015
  niantushan:
    world: zy
    x: -2263.536977963865
    y: 75.0
    z: -1040.4292230206272
    yaw: -87.33635
    pitch: 27.14995
  kuang:
    world: zy
    x: -278.4711238917255
    y: 11.0
    z: -401.26608230956134
    yaw: -187.05219
    pitch: 13.800052
  jjd:
    world: world
    x: -3759.2067591969926
    y: 63.0
    z: 1542.2104378160484
    yaw: 86.535484
    pitch: 0.45001277
