lastAccountName: Hailay
timestamps:
  login: 1501994930899
  logout: 1501995759063
  lastteleport: 1501936618487
  kits:
    tools: 1501164720001
ipAddress: 120.239.75.48
lastlocation:
  world: world
  x: -3716.8831864552917
  y: 69.61032220210681
  z: 1564.0529553343554
  yaw: -68.42569
  pitch: 36.000015
logoutlocation:
  world: world
  x: -904.3680140296148
  y: 67.0
  z: 866.0882052979637
  yaw: 182.93684
  pitch: 35.399887
afk: false
money: '2313.79000000000000041'
homes:
  home:
    world: world
    x: -126.55007997946262
    y: 64.0
    z: 222.8832085987958
    yaw: 181.62212
    pitch: 20.250015
  niantushan:
    world: zy
    x: -2263.536977963865
    y: 75.0
    z: -1040.4292230206272
    yaw: -87.33635
    pitch: 27.14995
  kuang:
    world: zy
    x: -278.4711238917255
    y: 11.0
    z: -401.26608230956134
    yaw: -187.05219
    pitch: 13.800052
  jjd:
    world: world
    x: -3759.2067591969926
    y: 63.0
    z: 1542.2104378160484
    yaw: 86.535484
    pitch: 0.45001277
