lastAccountName: Hailay
timestamps:
  login: 1502428903429
  logout: 1502429425797
  lastteleport: 1502408667831
  kits:
    tools: 1501164720001
ipAddress: 121.8.230.107
lastlocation:
  world: world
  x: -43.42203365996549
  y: 80.0
  z: 196.3645838988233
  yaw: 59.298843
  pitch: 26.249916
logoutlocation:
  world: world
  x: -3788.491806638111
  y: 63.0
  z: 1497.9087513434183
  yaw: 322.24036
  pitch: 12.194052
afk: false
money: '1514.54000000000000041'
homes:
  home:
    world: world
    x: -126.55007997946262
    y: 64.0
    z: 222.8832085987958
    yaw: 181.62212
    pitch: 20.250015
  niantushan:
    world: zy
    x: -2263.536977963865
    y: 75.0
    z: -1040.4292230206272
    yaw: -87.33635
    pitch: 27.14995
  kuang:
    world: zy
    x: -278.4711238917255
    y: 11.0
    z: -401.26608230956134
    yaw: -187.05219
    pitch: 13.800052
  jjd:
    world: world
    x: -3759.2067591969926
    y: 63.0
    z: 1542.2104378160484
    yaw: 86.535484
    pitch: 0.45001277
