lastAccountName: unreal
timestamps:
  login: 1528532274293
  logout: 1528533201863
  lastteleport: 1528526925589
ipAddress: 211.97.131.14
lastlocation:
  world: world
  x: 2579.4845462010935
  y: 66.0625
  z: -825.1858823872196
  yaw: 346.148
  pitch: 16.79998
logoutlocation:
  world: resources
  x: 1160.1130197321686
  y: 62.0
  z: 937.0066199243882
  yaw: 321.58008
  pitch: 22.349916
homes:
  home:
    world: world
    x: -3873.8028806269876
    y: 64.0
    z: 1477.7778673507821
    yaw: 327.456
    pitch: 7.6499615
afk: false
money: '8262.9999999999999364'
