lastAccountName: Xiao_Quan
timestamps:
  login: 1527936198484
  lastteleport: 1527936955104
  logout: 1527937068288
ipAddress: 139.189.161.125
lastlocation:
  world: resources
  x: 598.6156628176207
  y: 67.0
  z: 268.6285964454007
  yaw: 95.09961
  pitch: 38.399933
logoutlocation:
  world: world
  x: -3898.8075443679936
  y: 65.0
  z: 1458.1221455676312
  yaw: -211.95125
  pitch: 25.650045
