lastAccountName: Rosstta
timestamps:
  login: 1526640108834
  logout: 1526640263307
  lastteleport: 1526640249593
ipAddress: 183.197.0.11
lastlocation:
  world: world
  x: 144.7531587690902
  y: 64.0
  z: 2208.3555920533395
  yaw: 125.99134
  pitch: 9.149985
logoutlocation:
  world: world
  x: -225.5
  y: 64.0
  z: 14.5
  yaw: -174.30865
  pitch: -1.9500102
