lastAccountName: tangjiajie1
timestamps:
  login: 1532128888895
  logout: 1532128966583
  lastteleport: 1532089401912
ipAddress: 42.186.64.178
lastlocation:
  world: world
  x: -2475.860647825449
  y: 64.0
  z: 3757.3472012353704
  yaw: -50.956223
  pitch: 31.502014
logoutlocation:
  world: world
  x: -13.99319148543838
  y: 72.0
  z: -73.3397040483424
  yaw: -38.297863
  pitch: 31.871609
money: '28672.24999999999995'
homes:
  home:
    world: world
    x: -2420.4458814157915
    y: 63.0
    z: 3679.1600775563797
    yaw: -77.60842
    pitch: 23.783777
afk: false
