lastAccountName: Nine_jy
timestamps:
  login: 1527911503524
  logout: 1527911614711
ipAddress: 49.73.136.178
logoutlocation:
  world: world
  x: -163.21683976124038
  y: 71.0
  z: 150.94201635504314
  yaw: -62.8497
  pitch: 20.400007
