lastAccountName: Avaritia_xbx
timestamps:
  login: 1529194806256
  logout: 1529194919182
ipAddress: 1.83.237.65
lastlocation:
  world: world
  x: -225.36706876682035
  y: 64.0
  z: 14.390005902505456
  yaw: -89.40118
  pitch: -2.2500103
logoutlocation:
  world: world
  x: -200.69999998807904
  y: 72.0
  z: 138.3466500991223
  yaw: -109.20166
  pitch: 3.3000112
