lastAccountName: Katarina
timestamps:
  login: 1501834418861
  logout: 1501834492642
ipAddress: 124.235.167.162
lastlocation:
  world: world
  x: -179.0081354026997
  y: 76.0
  z: 174.50260190720476
  yaw: 91.80001
  pitch: 7.799963
money: '100.0'
logoutlocation:
  world: zy
  x: -240.0377987454919
  y: 61.02265722176848
  z: 228.50991834573952
  yaw: -124.79964
  pitch: 4.0499988
