lastAccountName: sk10145
timestamps:
  login: 1543467503642
  logout: 1543468858716
  lastteleport: 1542123460753
ipAddress: 113.16.22.16
lastlocation:
  world: world
  x: -2946.447332674454
  y: 74.0
  z: -238.3578409556759
  yaw: -163.11736
  pitch: 40.23075
logoutlocation:
  world: world
  x: -2914.5
  y: 100.0
  z: -237.5
  yaw: 243.22514
  pitch: 24.167557
money: '8554.4'
