lastAccountName: haj_anying
timestamps:
  login: 1530604698893
  lastteleport: 1530604907912
  logout: 1530604948750
ipAddress: 112.5.236.89
lastlocation:
  world: world
  x: -220.69999998807907
  y: 64.0
  z: 20.30000001192093
  yaw: -63.751137
  pitch: 90.0
logoutlocation:
  world: world
  x: -219.10344439493392
  y: 64.0625
  z: 13.931715838040637
  yaw: 70.64888
  pitch: 48.149994
