lastAccountName: Yokuminiman
timestamps:
  login: 1503463362049
  lastteleport: 1503462367187
  logout: 1503463426015
ipAddress: 182.167.17.35
lastlocation:
  world: world
  x: -121.09253439579567
  y: 64.0
  z: 189.11095064484917
  yaw: 17.795822
  pitch: 34.480576
logoutlocation:
  world: world
  x: -260.8350410292439
  y: 69.0
  z: 134.1117679664642
  yaw: 65.64593
  pitch: 18.880573
