lastAccountName: Tom
timestamps:
  login: 1518095953801
  logout: 1518096030679
ipAddress: 117.178.1.23
lastlocation:
  world: world
  x: -182.71051603628217
  y: 71.0
  z: 172.55415013095396
  yaw: -90.65384
  pitch: -1.3693843
logoutlocation:
  world: zc
  x: 14.224822949635122
  y: 59.9375
  z: -21.930809656635418
  yaw: 238.80008
  pitch: 20.100014
