lastAccountName: Ye_zi
timestamps:
  login: 1523957113655
  logout: 1523957152859
ipAddress: 222.219.237.129
lastlocation:
  world: world
  x: -225.36706876682035
  y: 64.0
  z: 14.390005902505456
  yaw: -89.40118
  pitch: -2.2500103
logoutlocation:
  world: spawn
  x: 17.748824620521685
  y: 59.0
  z: -7.925323899792696
  yaw: -202.49973
  pitch: -22.800026
