lastAccountName: tian_po_ACE
timestamps:
  login: 1501730487062
  kits:
    tools: 1501727592703
  lastteleport: 1501730215889
  logout: 1501730576195
ipAddress: 42.199.36.234
lastlocation:
  world: zy
  x: -296.28845402031
  y: 12.0
  z: 64.46441708901786
  yaw: -178.6472
  pitch: 18.300043
money: '0.0'
afk: false
homes:
  home:
    world: world
    x: 1483.9724720190338
    y: 66.0
    z: -1344.2719931202253
    yaw: -272.85004
    pitch: 34.64995
logoutlocation:
  world: world
  x: 1482.6267102491108
  y: 66.0
  z: -1342.7197382334596
  yaw: 169.65015
  pitch: 37.35
