lastAccountName: qingshou_g
timestamps:
  login: 1518835683539
  lastteleport: 1518836279132
  logout: 1518836353110
ipAddress: 113.238.48.35
lastlocation:
  world: activity
  x: -436.9020476392089
  y: 64.0
  z: 483.3154566072534
  yaw: 95.40011
  pitch: 21.749992
logoutlocation:
  world: world
  x: -3829.231915171908
  y: 63.0
  z: 1483.4169051614667
  yaw: -81.44995
  pitch: 8.099971
