lastAccountName: huyakaige
timestamps:
  login: 1526804014598
  logout: 1526804808264
  lastteleport: 1526804450600
ipAddress: 119.114.129.111
logoutlocation:
  world: resources
  x: 599.5472228508812
  y: 49.0
  z: 278.30000001192093
  yaw: -332.7002
  pitch: 78.899956
lastlocation:
  world: world
  x: 2584.507665028786
  y: 65.0
  z: -818.7239682740332
  yaw: -171.20251
  pitch: 15.600003
