lastAccountName: AKaiTongZhi
timestamps:
  login: 1528513578593
  lastteleport: 1528513899979
  logout: 1528513941818
ipAddress: 123.65.233.68
lastlocation:
  world: world
  x: 2560.300000011921
  y: 70.0
  z: -859.2242701167041
  yaw: -224.15364
  pitch: 6.7499785
logoutlocation:
  world: world
  x: -62.91486512126869
  y: 70.0
  z: 16.596711297352183
  yaw: -133.8011
  pitch: 56.09998
