lastAccountName: ACtiti
timestamps:
  login: 1503837437514
  logout: 1503837456609
ipAddress: 117.136.94.131
lastlocation:
  world: world_nether
  x: -63.098097974752484
  y: 78.53584062504456
  z: 62.19212401161424
  yaw: 186.7008
  pitch: 24.749815
money: '62.0'
logoutlocation:
  world: world
  x: -181.33685802831275
  y: 76.0
  z: 173.71750430246212
  yaw: 273.0962
  pitch: 19.330637
