lastAccountName: jkd
timestamps:
  login: 1502872840171
  logout: 1502873044242
ipAddress: 106.114.216.27
lastlocation:
  world: zy
  x: -345.5745857154989
  y: 63.0
  z: 108.65674435656945
  yaw: 180.15051
  pitch: 18.149864
money: '100.0'
logoutlocation:
  world: zy
  x: -270.32111906954776
  y: 64.0
  z: 227.51013849658668
  yaw: -304.64975
  pitch: 29.549982
