lastAccountName: jkd
timestamps:
  login: 1503642444339
  logout: 1503642699709
  lastteleport: 1503642520084
ipAddress: 106.114.254.79
lastlocation:
  world: world
  x: -178.3623324775599
  y: 76.0
  z: 174.90307416036458
  yaw: 295.44623
  pitch: -9.919406
money: '100.0'
logoutlocation:
  world: zy
  x: -97.21825867738917
  y: 64.0
  z: 8.646474797663851
  yaw: -105.149605
  pitch: 17.550003
