lastAccountName: jinweifeng
timestamps:
  login: 1519222297971
  logout: 1519222306726
ipAddress: 223.81.251.97
lastlocation:
  world: world
  x: -182.71051603628217
  y: 71.0
  z: 172.55415013095396
  yaw: -90.65384
  pitch: -1.3693843
logoutlocation:
  world: zc
  x: 16.5
  y: 59.0
  z: -4.5
  yaw: 192.00021
  pitch: 10.949975
