lastAccountName: wwwjjjkkkkk
timestamps:
  login: 1532414956207
  lastteleport: 1532417836548
  logout: 1532417950017
ipAddress: 106.2.232.183
lastlocation:
  world: world
  x: -225.36706876682035
  y: 64.0625
  z: 14.390005902505456
  yaw: -68.40118
  pitch: -59.250008
homes:
  home:
    world: world
    x: -210.76395265930572
    y: 71.0
    z: 106.3347114893053
    yaw: 7.046997
    pitch: 59.100086
logoutlocation:
  world: world
  x: -207.4337449764643
  y: 71.0
  z: 102.67483434230122
  yaw: 331.64633
  pitch: -9.299985
