lastAccountName: MrMu
timestamps:
  login: 1524492485228
  logout: 1524492551722
ipAddress: 171.120.209.45
lastlocation:
  world: world
  x: -225.36706876682035
  y: 64.0
  z: 14.390005902505456
  yaw: -89.40118
  pitch: -2.2500103
logoutlocation:
  world: resources_nether
  x: 25.5015535025706
  y: 60.0
  z: -27.378768300239024
  yaw: 350.1555
  pitch: 68.01554
