lastAccountName: HailayLin
timestamps:
  login: 1502863466083
  lastteleport: 1502823161344
  logout: 1502863476521
ipAddress: 223.73.119.52
lastlocation:
  world: world_nether
  x: 14.699999988079071
  y: 82.0
  z: 19.32908393263215
  yaw: -294.60156
  pitch: -2.6999943
logoutlocation:
  world: world
  x: 771.8399493590427
  y: 64.0
  z: -1885.9630915754462
  yaw: -87.93203
  pitch: 41.249992
afk: false
