lastAccountName: '3382119209'
timestamps:
  login: 1503478102575
  logout: 1503480842588
ipAddress: 111.85.218.66
lastlocation:
  world: world
  x: -179.72753741450393
  y: 70.0
  z: 173.91165191865272
  yaw: 41.796204
  pitch: 45.29999
money: '100.0'
logoutlocation:
  world: world
  x: 333.960640746016
  y: 71.25220334025373
  z: -1174.4036686995435
  yaw: 73.31787
  pitch: 14.399981
