lastAccountName: Lynnbundy
timestamps:
  login: 1541781122585
  lastteleport: 1541692438864
  logout: 1541781299231
ipAddress: 117.181.36.72
lastlocation:
  world: world
  x: -2901.6468293899534
  y: 71.0
  z: -187.1986576919234
  yaw: -110.6416
  pitch: 4.2035847
homes:
  z:
    world: world
    x: -2815.619207176952
    y: 71.875
    z: -233.69894768239465
    yaw: 270.31714
    pitch: 41.188972
  y:
    world: world
    x: -2742.4274754102034
    y: 65.0
    z: -183.83579632787865
    yaw: -219.88365
    pitch: 33.450165
  c:
    world: world
    x: -2879.8365214509545
    y: 92.0
    z: -264.4952508818791
    yaw: 82.66791
    pitch: 30.299932
logoutlocation:
  world: world
  x: -2858.5713885419705
  y: 71.0
  z: -226.65667199295362
  yaw: -11.043152
  pitch: 3.9076846
money: '3405.9'
afk: false
godmode: false
nickname: Dalllin
