lastAccountName: AE86
timestamps:
  login: 1526783224088
  lastteleport: 1526694952402
  logout: 1526783230205
ipAddress: 60.176.58.181
lastlocation:
  world: world
  x: 2566.9774205287576
  y: 91.87554310215317
  z: -822.6600499884929
  yaw: -168.05896
  pitch: 17.099976
money: '43491.29999999999982'
logoutlocation:
  world: world
  x: -15079.224762264386
  y: 96.0
  z: -234.5680780223105
  yaw: -331.53387
  pitch: 51.659992
homes:
  home:
    world: world
    x: -15048.57054203375
    y: 66.0
    z: -304.9232536421962
    yaw: -180.78333
    pitch: 40.10995
  b:
    world: world
    x: 12072.079998734924
    y: 64.0
    z: 1441.848163046568
    yaw: -52.93701
    pitch: 14.70009
afk: false
