lastAccountName: Ender
timestamps:
  login: 1524060065988
  lastteleport: 1524060119993
  logout: 1524060150400
ipAddress: 115.192.94.71
lastlocation:
  world: spawn
  x: 15.272981639122483
  y: 59.0
  z: -10.077745081163416
  yaw: 211.84184
  pitch: 18.81873
logoutlocation:
  world: world
  x: -15139.195774669844
  y: 64.0
  z: -326.6327796745051
  yaw: -193.87708
  pitch: 13.603026
