lastAccountName: yalan
timestamps:
  login: 1525434958370
  logout: 1525434977124
ipAddress: 115.204.135.179
logoutlocation:
  world: world
  x: -225.36706876682035
  y: 64.0
  z: 14.390005902505456
  yaw: -91.3512
  pitch: 11.699982
