lastAccountName: Qi_fu
timestamps:
  login: 1517737824705
  logout: 1517738252182
  lastteleport: 1517738225372
ipAddress: 116.25.250.221
lastlocation:
  world: world
  x: -263.69999998807907
  y: 68.0
  z: 223.69999998807907
  yaw: -174.35388
  pitch: 13.930648
logoutlocation:
  world: world
  x: -47.19475584128331
  y: 58.0
  z: 606.8766851139245
  yaw: -169.25458
  pitch: -2.7193866
money: '100.0'
homes:
  home:
    world: world
    x: -45.24704267365027
    y: 63.0
    z: 601.0380475500024
    yaw: -123.20449
    pitch: 13.330626
