lastAccountName: mmkmkk
timestamps:
  login: 1518953465454
  logout: 1518953703143
ipAddress: 218.76.136.147
lastlocation:
  world: world
  x: -182.71051603628217
  y: 71.0
  z: 172.55415013095396
  yaw: -90.65384
  pitch: -1.3693843
logoutlocation:
  world: zc
  x: 15.539080826952528
  y: 59.0
  z: -10.079071433172748
  yaw: -158.70027
  pitch: 20.100021
