lastAccountName: Yolo
timestamps:
  login: 1503898851909
  logout: 1503899986726
  lastteleport: 1503899915638
ipAddress: 124.226.18.39
lastlocation:
  world: world
  x: -180.07367006594382
  y: 76.0
  z: 173.48296031175605
  yaw: 88.746155
  pitch: 17.980598
money: '92.66'
logoutlocation:
  world: world
  x: -250.11519984456535
  y: 79.0
  z: 306.6748733218487
  yaw: 283.9214
  pitch: 15.6
afk: false
