lastAccountName: xiaozz
timestamps:
  login: 1525521706259
  lastteleport: 1525525498465
  logout: 1525526459222
ipAddress: 183.25.169.82
lastlocation:
  world: world
  x: 12048.985936291208
  y: 66.0
  z: 1440.300000011921
  yaw: 309.4503
  pitch: 45.74998
homes:
  yooo:
    world: world
    x: -15055.260608602905
    y: 66.0
    z: -289.50552174340226
    yaw: 221.67157
    pitch: 17.250021
  mk:
    world: world
    x: 12075.362463989726
    y: 65.0
    z: 1431.2566400034814
    yaw: -34.9364
    pitch: 13.199952
  gun:
    world: world
    x: 10089.091842816015
    y: 63.0
    z: 775.6411976279566
    yaw: 77.116516
    pitch: 7.6499343
afk: false
money: '897.6'
logoutlocation:
  world: community
  x: 453.94552901995775
  y: 160.0
  z: -532.4919215622358
  yaw: 5.431183
  pitch: 58.799953
