lastAccountName: QBIG_MelonQ
timestamps:
  login: 1530689723162
  lastteleport: 1530689874418
  logout: 1530689956749
ipAddress: 121.226.107.46
lastlocation:
  world: resources
  x: 584.3160605598663
  y: 64.0
  z: 270.5779334212522
  yaw: 348.29974
  pitch: 23.999943
logoutlocation:
  world: resources
  x: 604.2710808869069
  y: 64.0
  z: 287.474346157367
  yaw: 148.5002
  pitch: 11.699876
