lastAccountName: H_han
timestamps:
  login: 1528198551826
  lastteleport: 1528198912892
  logout: 1528199053239
ipAddress: 183.138.159.163
lastlocation:
  world: world
  x: -3724.1774066089474
  y: 66.0
  z: 1510.9337584259065
  yaw: -295.8014
  pitch: 12.150012
logoutlocation:
  world: resources
  x: 620.2184298055452
  y: 67.0
  z: 328.05407069360785
  yaw: 155.8498
  pitch: -50.10004
