lastAccountName: huobia
timestamps:
  login: 1518270777291
  logout: 1518271009329
ipAddress: 49.75.219.178
lastlocation:
  world: world
  x: -157.08685251650425
  y: 80.0
  z: 296.8955415283685
  yaw: -118.403854
  pitch: 16.180628
money: '100.0'
logoutlocation:
  world: zy_nether
  x: -42.7884492799175
  y: 37.0
  z: 40.35751496907607
  yaw: -328.80005
  pitch: 26.699903
