lastAccountName: kingtkx
timestamps:
  login: 1503567548731
  lastteleport: 1503567937762
  logout: 1503568314544
ipAddress: 106.9.155.9
lastlocation:
  world: world
  x: -180.55102702906322
  y: 76.0
  z: 172.16253601329825
  yaw: -158.30429
  pitch: -9.44996
money: '100.0'
logoutlocation:
  world: zy
  x: -418.7293921826924
  y: 63.0
  z: 181.3462774439612
  yaw: -79.91935
  pitch: 38.249958
