lastAccountName: hei_yu321
timestamps:
  login: 1529842651818
  lastteleport: 1529844235655
  logout: 1529844535505
ipAddress: 183.253.135.50
lastlocation:
  world: world
  x: -1002.9470260625487
  y: 63.0
  z: -354.3989699258673
  yaw: 65.10007
  pitch: 9.2999935
logoutlocation:
  world: world
  x: -3603.957668101188
  y: 70.0
  z: 1480.0504008104965
  yaw: 291.1493
  pitch: 37.34996
money: '6602.563999999999999990'
afk: false
