lastAccountName: xxhhdss
timestamps:
  login: 1528535684327
  logout: 1528535731485
ipAddress: 180.118.226.201
lastlocation:
  world: world
  x: -225.36706876682035
  y: 64.0
  z: 14.390005902505456
  yaw: -89.40118
  pitch: -2.2500103
logoutlocation:
  world: world
  x: -182.65355549963905
  y: 68.0
  z: 19.058446151568607
  yaw: -127.23193
  pitch: 11.059494
