lastAccountName: savior
timestamps:
  login: 1518833978145
  logout: 1518834064748
ipAddress: 111.79.248.44
lastlocation:
  world: world
  x: -182.71051603628217
  y: 71.0
  z: 172.55415013095396
  yaw: -90.65384
  pitch: -1.3693843
logoutlocation:
  world: zc
  x: -9.424338485377085
  y: 73.0
  z: -30.144769140020152
  yaw: 96.29956
  pitch: 38.099953
