lastAccountName: AL08
timestamps:
  login: 1532338747627
  lastteleport: 1531805961040
  logout: 1532340553395
ipAddress: 183.226.244.143
lastlocation:
  world: world
  x: -11572.143610011726
  y: 72.0
  z: -3453.7039041622957
  yaw: 127.11387
  pitch: 11.2501335
logoutlocation:
  world: world
  x: 5896.280892532095
  y: 63.0
  z: -11694.908062926388
  yaw: -166.03632
  pitch: -56.694008
homes:
  home:
    world: world
    x: -1079.411443171723
    y: 72.0
    z: -2241.116946898876
    yaw: 87.4499
    pitch: 41.250027
money: '10605.6'
afk: false
