lastAccountName: xavier
timestamps:
  login: 1502458040372
  lastteleport: 1502460358283
  logout: 1502460365562
ipAddress: 220.137.10.146
lastlocation:
  world: world
  x: -4050.0577392472233
  y: 62.0
  z: 1252.6263583039186
  yaw: -349.58267
  pitch: 14.550024
money: '33.924999999999999'
logoutlocation:
  world: world
  x: -70.52949672848025
  y: 58.0
  z: 124.69999998807907
  yaw: -86.72842
  pitch: -19.050053
homes:
  home:
    world: world
    x: -82.54783600186117
    y: 52.0
    z: 125.28676767544657
    yaw: -78.32843
    pitch: -6.7500563
afk: false
