lastAccountName: G_Sinon
timestamps:
  login: 1503731808735
  logout: 1503731826403
ipAddress: 121.227.129.204
lastlocation:
  world: world
  x: -180.07367006594382
  y: 76.0
  z: 173.48296031175605
  yaw: -89.15385
  pitch: 1.6305984
money: '0'
afk: false
logoutlocation:
  world: world
  x: -205.0181759878807
  y: 71.0
  z: 176.16019762769204
  yaw: -241.64525
  pitch: 26.77546
