lastAccountName: biubiu
timestamps:
  login: 1503997453327
  lastteleport: 1503567943200
  logout: 1503997462279
ipAddress: 182.112.159.85
lastlocation:
  world: zy
  x: -306.0030383327129
  y: 68.0
  z: 150.43891011460076
  yaw: -140.70045
  pitch: 30.600029
money: '100.0'
logoutlocation:
  world: zy
  x: -409.714731142414
  y: 64.0
  z: 183.23164504787113
  yaw: 174.9501
  pitch: 51.0
