lastAccountName: World
timestamps:
  login: 1525933535400
  lastteleport: 1525933723861
  logout: 1525933778128
ipAddress: 36.4.102.98
lastlocation:
  world: world
  x: -171.25606760911006
  y: 74.0
  z: 28.72010019051141
  yaw: -240.30153
  pitch: 51.75006
logoutlocation:
  world: world
  x: 2527.3574340012797
  y: 82.0
  z: -753.0749999880791
  yaw: -185.15094
  pitch: 23.549967
