lastAccountName: Lelopera_
timestamps:
  login: 1541566545745
  logout: 1541566763685
ipAddress: 36.152.65.201
lastlocation:
  world: world
  x: -149.79767111314317
  y: 70.0
  z: 28.39634997564986
  yaw: -304.66162
  pitch: 16.500067
logoutlocation:
  world: world
  x: -219.46500053738
  y: 64.0625
  z: 14.132372628175405
  yaw: -81.4509
  pitch: 18.45
