lastAccountName: Zokio1
timestamps:
  login: 1502023621735
  logout: 1502023626535
ipAddress: 119.32.82.35
lastlocation:
  world: world
  x: -180.02330014119065
  y: 76.0
  z: 173.49329652899618
  yaw: 269.85046
  pitch: 0.44985256
logoutlocation:
  world: world
  x: -180.5
  y: 76.0
  z: 173.5
  yaw: -96.300026
  pitch: 6.749966
