lastAccountName: NYYTRGP
timestamps:
  login: 1527860098397
  logout: 1527860212567
ipAddress: 110.230.121.220
lastlocation:
  world: world
  x: -90.69999998807907
  y: 60.0
  z: 198.88597018526855
  yaw: -85.35006
  pitch: 22.049988
logoutlocation:
  world: world
  x: -90.69999998807907
  y: 60.0
  z: 198.88597018526855
  yaw: -85.35006
  pitch: 22.049988
