lastAccountName: siyuexue
timestamps:
  login: 1503216956991
  logout: 1503217700052
ipAddress: 219.153.92.114
lastlocation:
  world: world
  x: -178.5023504937339
  y: 76.0
  z: 175.25491252900085
  yaw: 218.04633
  pitch: 2.2306082
money: '90.0'
logoutlocation:
  world: world
  x: -14.797551295070578
  y: 55.0
  z: -126.42975011972453
  yaw: 0.24938965
  pitch: 9.430688
