lastAccountName: YourMC
timestamps:
  login: 1502938649822
  logout: 1502938709757
ipAddress: 27.44.125.174
lastlocation:
  world: world
  x: 780.1269107777796
  y: 64.0
  z: -1885.5006931340995
  yaw: -88.23094
  pitch: 1.1999743
logoutlocation:
  world: world
  x: 778.1676154172284
  y: 64.0
  z: -1885.6635598902967
  yaw: -246.71588
  pitch: 28.937042
