lastAccountName: Fiend_Rain
timestamps:
  login: 1541763335178
  logout: 1541764647403
ipAddress: 36.149.38.178
lastlocation:
  world: world
  x: -225.36706876682035
  y: 64.0
  z: 14.390005902505456
  yaw: -89.40118
  pitch: -2.2500103
afk: false
logoutlocation:
  world: world
  x: 61.98149030727957
  y: 64.0
  z: 420.01380795063307
  yaw: -26.727085
  pitch: 6.2207427
