lastAccountName: X_kf
timestamps:
  login: 1518238915941
  logout: 1518238991362
ipAddress: 171.40.213.116
lastlocation:
  world: zc
  x: 16.64603587294019
  y: 59.0
  z: -11.006490472888473
  yaw: -0.8996576
  pitch: 17.100002
money: '100.0'
logoutlocation:
  world: world
  x: -162.25115270655073
  y: 69.0
  z: 182.44584740518215
  yaw: -102.20387
  pitch: 19.480606
