lastAccountName: kelly
timestamps:
  login: 1503817851261
  logout: 1503817944524
ipAddress: 183.8.27.239
lastlocation:
  world: world
  x: -180.07367006594382
  y: 76.0
  z: 173.48296031175605
  yaw: -89.15385
  pitch: 1.6305984
logoutlocation:
  world: world
  x: -182.72014472508536
  y: 76.0
  z: 172.85219706325782
  yaw: 282.39532
  pitch: 33.73061
