lastAccountName: CanYouBeEasier
timestamps:
  login: 1530753385105
  lastteleport: 1530753788633
  logout: 1530753825310
ipAddress: 123.113.201.221
lastlocation:
  world: resources
  x: 677.3000000119209
  y: 63.0
  z: 308.3511610995864
  yaw: -34.651096
  pitch: 15.749868
logoutlocation:
  world: resources
  x: 677.3000000119209
  y: 63.0
  z: 308.3511610995864
  yaw: -34.651096
  pitch: 15.749868
