lastAccountName: Arukg
timestamps:
  login: 1531159303471
  lastteleport: 1531161309474
  logout: 1531161670716
ipAddress: 58.249.26.201
lastlocation:
  world: resources
  x: 577.9184860856744
  y: 67.0
  z: 311.2778185382485
  yaw: 212.10034
  pitch: 19.799896
logoutlocation:
  world: resources
  x: 579.0359847046939
  y: 70.0
  z: 266.24378850340844
  yaw: 2.4414062E-4
  pitch: 12.14991
