lastAccountName: pengzzppp
timestamps:
  login: 1519301816074
  logout: 1519301858564
ipAddress: 222.247.67.98
lastlocation:
  world: world
  x: -182.71051603628217
  y: 71.0
  z: 172.55415013095396
  yaw: -90.65384
  pitch: -1.3693843
logoutlocation:
  world: zc
  x: 15.196796883326193
  y: 59.0
  z: -4.24098406113214
  yaw: 124.35428
  pitch: 10.952356
