lastAccountName: Gua_xiao_ye
timestamps:
  login: 1502800323230
  lastteleport: 1502800667243
  logout: 1502802341100
ipAddress: 112.28.161.127
lastlocation:
  world: world
  x: -183.69999998807907
  y: 70.0
  z: 177.76249998807907
  yaw: -110.78311
  pitch: 35.858257
homes:
  home:
    world: world
    x: 364.05798048841416
    y: 72.0
    z: -158.8170475676766
    yaw: 225.8562
    pitch: 13.814305
  a:
    world: world
    x: -2805.496938116666
    y: 71.0
    z: 1541.3447295431308
    yaw: 65.254364
    pitch: 35.356792
  b:
    world: world
    x: -914.2502782270623
    y: 63.0
    z: 867.2891506812531
    yaw: 112.86914
    pitch: 19.34397
logoutlocation:
  world: world
  x: -189.6221812807419
  y: 79.0
  z: 242.33628220969473
  yaw: 74.95679
  pitch: 38.7072
money: '697.7499999999999996'
afk: false
