lastAccountName: Gua_xiao_ye
timestamps:
  login: 1502382483595
  lastteleport: 1502385169394
  logout: 1502387103493
ipAddress: 112.28.161.127
lastlocation:
  world: world
  x: -193.69999998807907
  y: 76.0
  z: 189.69999998807907
  yaw: 86.823
  pitch: 17.500803
homes:
  home:
    world: world_nether
    x: -309.60414263653087
    y: 128.0
    z: 927.5476953679636
    yaw: 291.31464
    pitch: 11.356851
  a:
    world: world
    x: -730.9942422458074
    y: 30.0
    z: -1120.6960578760288
    yaw: 30.088013
    pitch: 28.559992
  b:
    world: world
    x: -914.2502782270623
    y: 63.0
    z: 867.2891506812531
    yaw: 112.86914
    pitch: 19.34397
logoutlocation:
  world: world
  x: -3721.5
  y: 62.5625
  z: 1538.5
  yaw: 174.39539
  pitch: 21.801615
money: '62.2499999999999996'
afk: false
