lastAccountName: Gua_xiao_ye
timestamps:
  login: 1543208838799
  lastteleport: 1543208305358
  logout: 1543209156094
ipAddress: 112.31.171.75
lastlocation:
  world: world
  x: -273.9033477256061
  y: 64.0
  z: 114.6311544394734
  yaw: 9.362427
  pitch: 13.755734
homes:
  home:
    world: world
    x: 364.05798048841416
    y: 72.0
    z: -158.8170475676766
    yaw: 225.8562
    pitch: 13.814305
  a:
    world: world
    x: -2805.496938116666
    y: 71.0
    z: 1541.3447295431308
    yaw: 65.254364
    pitch: 35.356792
  b:
    world: world
    x: -914.2502782270623
    y: 63.0
    z: 867.2891506812531
    yaw: 112.86914
    pitch: 19.34397
logoutlocation:
  world: world
  x: -907.5443647023646
  y: 63.0
  z: 860.9910757956776
  yaw: 283.50867
  pitch: 15.422409
money: '1282.0049999999999996'
afk: false
godmode: false
