lastAccountName: maopai
timestamps:
  login: 1522576298600
  lastteleport: 1522577341856
  logout: 1522578550638
ipAddress: 112.65.13.69
lastlocation:
  world: resources
  x: -264.0
  y: 65.0
  z: 218.0
  yaw: -3.4728754
  pitch: 4.223767
logoutlocation:
  world: resources
  x: -225.47476988851324
  y: 11.0
  z: 201.69999998807907
  yaw: -203.82983
  pitch: 10.829263
