lastAccountName: ryl
timestamps:
  login: 1503572283568
  logout: 1503576441371
  lastteleport: 1502801248674
ipAddress: 112.10.138.79
lastlocation:
  world: world
  x: -177.79404050635256
  y: 76.0
  z: 173.4481024726149
  yaw: 136.44614
  pitch: 16.330599
money: '1612.0'
logoutlocation:
  world: world
  x: -193.69999998807907
  y: 70.0
  z: 172.69999998807907
  yaw: -103.70387
  pitch: 6.8806076
homes:
  home:
    world: world
    x: -3682.619154755694
    y: 64.0
    z: 343.247534364714
    yaw: 89.85192
    pitch: 16.500032
  a:
    world: world
    x: 170.4256461612357
    y: 87.0
    z: 141.1030973290103
    yaw: 344.2932
    pitch: 31.050058
afk: false
