lastAccountName: GSinon
timestamps:
  login: 1504343585420
  lastteleport: 1503732950093
  logout: 1504344185459
  kits:
    tools: 1503387657496
  jail: 0
ipAddress: 180.107.41.217
lastlocation:
  world: world
  x: -197.5619439483511
  y: 81.36607260131538
  z: 200.49868526884296
  yaw: -59.12256
  pitch: 10.677736
homes:
  home:
    world: world
    x: 15692.11771926479
    y: 64.0
    z: 16127.39086032627
    yaw: -27.876251
    pitch: 17.809994
logoutlocation:
  world: world
  x: -188.27847120680846
  y: 61.875
  z: 175.34472706659463
  yaw: -85.65015
  pitch: 17.18588
money: '135.2'
afk: false
jailed: false
