lastAccountName: J_Kay
timestamps:
  login: 1526727601764
  lastteleport: 1526730506393
  logout: 1526730829274
ipAddress: 139.214.162.177
money: '4853.4'
homes:
  home:
    world: world_the_end
    x: 10055.375878395238
    y: 58.0
    z: 9467.623562776347
    yaw: 2.2532196
    pitch: 3.6001034
lastlocation:
  world: world_the_end
  x: 7473.373000725317
  y: 61.0
  z: 8861.724543724149
  yaw: 172.95631
  pitch: 79.05029
afk: false
logoutlocation:
  world: world
  x: 2533.51787375965
  y: 82.0
  z: -738.3261706000449
  yaw: -28.105911
  pitch: 30.000034
