lastAccountName: weizhun
timestamps:
  login: 1503912128373
  logout: 1503912292669
ipAddress: 118.100.32.198
lastlocation:
  world: world
  x: -180.07367006594382
  y: 76.0
  z: 173.48296031175605
  yaw: -89.15385
  pitch: 1.6305984
logoutlocation:
  world: world
  x: -180.5
  y: 76.0
  z: 173.5
  yaw: -89.15385
  pitch: 1.6305984
