lastAccountName: ErMeng
timestamps:
  login: 1519194911623
  logout: 1519195013307
ipAddress: 112.243.53.132
lastlocation:
  world: world
  x: -182.71051603628217
  y: 71.0
  z: 172.55415013095396
  yaw: -90.65384
  pitch: -1.3693843
logoutlocation:
  world: zc
  x: 14.371629379523508
  y: 59.9375
  z: -22.52809802112306
  yaw: 79.05001
  pitch: 4.349995
