lastAccountName: Z7MM
timestamps:
  login: 1503059637468
  lastteleport: 1503055841935
  logout: 1503059643019
ipAddress: 171.223.125.73
lastlocation:
  world: world
  x: -4739.066899528797
  y: 64.8500000178814
  z: -1636.93548938758
  yaw: -211.5134
  pitch: 16.449558
logoutlocation:
  world: world
  x: -248.09253409062487
  y: 73.0
  z: -209.63577810076285
  yaw: -272.64267
  pitch: 4.5249047
