lastAccountName: suyz
timestamps:
  login: 1503317359020
  logout: 1503317580348
ipAddress: 180.137.99.82
lastlocation:
  world: world
  x: -180.07367006594382
  y: 76.0
  z: 173.48296031175605
  yaw: -89.15385
  pitch: 1.6305984
logoutlocation:
  world: world
  x: -36.52682234329296
  y: 64.0
  z: 192.55530529621686
  yaw: -273.20966
  pitch: 12.880722
