lastAccountName: The_error_code
timestamps:
  login: 1503234363607
  logout: 1503235784272
ipAddress: 116.249.90.245
lastlocation:
  world: zy
  x: -333.0981763589199
  y: 19.0
  z: -30.547584123732406
  yaw: -89.41211
  pitch: 14.699965
money: '95.0'
logoutlocation:
  world: world
  x: -3795.7843745442237
  y: 72.0
  z: 1552.1966906728467
  yaw: -83.7337
  pitch: 58.649952
