lastAccountName: MOLI_kotori
timestamps:
  login: 1531497891452
  lastteleport: 1531498004568
  logout: 1531498120493
ipAddress: 113.87.25.255
lastlocation:
  world: world
  x: -223.9220612046265
  y: 64.0625
  z: 14.873395599048907
  yaw: -177.50928
  pitch: 6.260826
logoutlocation:
  world: world
  x: -44.30000001192093
  y: 61.0
  z: 54.920618974819526
  yaw: -104.60314
  pitch: 33.033604
