lastAccountName: ambition_fuck
timestamps:
  login: 1526554362518
  lastteleport: 1526553964707
  logout: 1526554763140
ipAddress: 116.114.201.230
lastlocation:
  world: world
  x: -184.77705004147404
  y: 17.0
  z: -162.30000001192093
  yaw: 95.69844
  pitch: 24.450016
logoutlocation:
  world: world
  x: -4060.0881083600843
  y: 92.5099490325359
  z: 2435.6919700845565
  yaw: -170.77946
  pitch: 55.349907
