lastAccountName: F_lyDiaoJi
timestamps:
  login: 1531139286678
  logout: 1531139291316
ipAddress: 222.248.52.18
lastlocation:
  world: world
  x: -225.36706876682035
  y: 64.0
  z: 14.390005902505456
  yaw: -89.40118
  pitch: -2.2500103
logoutlocation:
  world: world
  x: -225.5
  y: 64.0
  z: 14.5
  yaw: -88.951164
  pitch: -0.300002
