lastAccountName: BlueGamerBoy691
timestamps:
  login: 1529562606115
  logout: 1529562970146
  lastteleport: 1529154664120
ipAddress: 223.74.60.101
lastlocation:
  world: resources
  x: 739.9810578798946
  y: 63.0
  z: -17.993124827723808
  yaw: 197.08105
  pitch: 20.099995
logoutlocation:
  world: world
  x: -3377.563194299509
  y: 43.875
  z: 1375.774253788433
  yaw: -52.655544
  pitch: 44.40008
money: '7.65'
