lastAccountName: hkd123
timestamps:
  login: 1502196132068
  logout: 1502197642415
ipAddress: 39.190.251.84
lastlocation:
  world: world
  x: -3804.648922900928
  y: 65.0
  z: 1471.5540687988853
  yaw: 141.72589
  pitch: 48.14999
money: '112.35'
logoutlocation:
  world: world
  x: -56.78186983971213
  y: 63.0
  z: 138.073652773333
  yaw: 181.29749
  pitch: 18.74997
