lastAccountName: Gibbous_13
timestamps:
  login: 1529140650781
  lastteleport: 1528368847333
  logout: 1529140656170
ipAddress: 125.122.109.14
lastlocation:
  world: world
  x: -225.36706876682035
  y: 64.0625
  z: 14.390005902505456
  yaw: -87.90119
  pitch: 10.04999
logoutlocation:
  world: world
  x: -8438.279761544223
  y: 63.0
  z: 8268.525518004002
  yaw: 174.51564
  pitch: 21.44994
money: '1103.4'
afk: false
