lastAccountName: Dear_Saonian
timestamps:
  login: 1502940125234
  logout: 1502940164085
ipAddress: 1.49.37.86
lastlocation:
  world: world
  x: 780.1269107777796
  y: 64.0
  z: -1885.5006931340995
  yaw: -88.23094
  pitch: 1.1999743
logoutlocation:
  world: world
  x: 750.716752552183
  y: 67.0
  z: -1890.300000011921
  yaw: 118.16797
  pitch: 15.149992
