lastAccountName: Banana_XD
timestamps:
  login: 1522994738574
  logout: 1522994789959
ipAddress: 113.247.161.114
lastlocation:
  world: world
  x: -183.0
  y: 71.0
  z: 172.0
  yaw: 0.0
  pitch: 0.0
logoutlocation:
  world: spawn
  x: 16.634819182507734
  y: 59.0
  z: -9.267395179985838
  yaw: 353.62762
  pitch: 11.387571
