lastAccountName: ranfei
timestamps:
  login: 1503983555059
  logout: 1503979845085
  lastteleport: 1503988229280
ipAddress: 144.123.32.21
lastlocation:
  world: world_the_end
  x: -812.3372166363756
  y: 5.0625
  z: -300.1912214450279
  yaw: -72.899826
  pitch: 16.199987
money: '12177.975'
logoutlocation:
  world: world
  x: 245.45802141835355
  y: 63.0
  z: 2226.1616107568366
  yaw: -172.9585
  pitch: 10.500011
homes:
  home:
    world: world
    x: 245.9265931007352
    y: 63.0
    z: 2243.274136160995
    yaw: -340.95898
    pitch: 32.750748
afk: false
