lastAccountName: ooordo_DK
timestamps:
  login: 1503674526406
  kits:
    tools: 1503648428652
  logout: 1503674838371
  lastteleport: 1503674571882
ipAddress: 117.34.185.44
lastlocation:
  world: world
  x: -181.3530245943817
  y: 76.0
  z: 172.34057094855376
  yaw: -203.52873
  pitch: 30.62917
logoutlocation:
  world: world
  x: -135.9278898343746
  y: 73.0
  z: 76.79536851931475
  yaw: -47.286987
  pitch: 20.825901
