lastAccountName: biglod
timestamps:
  login: 1516497514364
  logout: 1516497520852
ipAddress: 183.53.66.103
logoutlocation:
  world: world
  x: -14743.564906094254
  y: 132.0
  z: -4.064162615221851
  yaw: 129.9466
  pitch: 48.44979
