lastAccountName: GocCoo
timestamps:
  login: 1501857881908
  logout: 1501858370768
ipAddress: 171.106.37.158
lastlocation:
  world: world
  x: -180.02330014119065
  y: 76.0
  z: 173.49329652899618
  yaw: 269.85046
  pitch: 0.44985256
logoutlocation:
  world: world
  x: -212.30000001192093
  y: 75.0
  z: 501.69999998807907
  yaw: -203.94624
  pitch: 62.549984
