lastAccountName: T_yun
timestamps:
  login: 1542433157810
  logout: 1542433390244
  lastteleport: 1542433385741
ipAddress: 110.87.86.95
lastlocation:
  world: world
  x: 2546.912016180669
  y: 75.5
  z: -823.7504465182403
  yaw: -265.10504
  pitch: 28.949987
afk: false
godmode: false
logoutlocation:
  world: world
  x: -225.68024357152618
  y: 64.0
  z: 14.629808449320919
  yaw: -82.50108
  pitch: -1.3500012
