lastAccountName: water_deer
timestamps:
  login: 1520136579803
  logout: 1520136670826
ipAddress: 111.1.110.203
lastlocation:
  world: world
  x: -182.71051603628217
  y: 71.0
  z: 172.55415013095396
  yaw: -90.65384
  pitch: -1.3693843
logoutlocation:
  world: zc
  x: 18.678044031475572
  y: 59.0
  z: -7.669363289362698
  yaw: 308.8945
  pitch: 8.354545
