lastAccountName: TN_tjy
timestamps:
  login: 1521726490795
  lastteleport: 1521557916289
  logout: 1521726541516
ipAddress: 117.61.4.100
lastlocation:
  world: world
  x: -2473.5323613760584
  y: 72.0
  z: -520.2577640054783
  yaw: 62.101044
  pitch: 14.099933
logoutlocation:
  world: world_nether
  x: -462.69999998807907
  y: 63.0
  z: -111.30000001192093
  yaw: 236.55885
  pitch: 60.15
