lastAccountName: JOYCEE
timestamps:
  login: 1501646987459
  logout: 1501647030981
ipAddress: 220.133.54.167
lastlocation:
  world: world
  x: -186.5
  y: 72.0
  z: 169.5
  yaw: 0.0
  pitch: 0.0
logoutlocation:
  world: world
  x: -179.67617152678028
  y: 76.0
  z: 173.0402222224324
  yaw: -157.79999
  pitch: 6.149985
