lastlocation:
  world: world
  x: 114.86250001192093
  y: 70.0
  z: 2255.576869466487
  yaw: 270.44107
  pitch: 37.807453
lastAccountName: StanlyLi
timestamps:
  login: 1542867624426
  logout: 1542873016059
  lastteleport: 1542872795871
ipAddress: 182.148.192.103
logoutlocation:
  world: world
  x: 117.31096508273515
  y: 71.20000004768372
  z: 2254.0344625218563
  yaw: 34.480164
  pitch: 15.624141
afk: false
homes:
  home:
    world: world
    x: -99.35291901268991
    y: 70.0
    z: 69.33843037999014
    yaw: -58.144947
    pitch: 20.479252
money: '99236.9'
godmode: false
