lastAccountName: Jia_chon
timestamps:
  login: 1502148870815
  logout: 1502148935586
ipAddress: 36.248.156.199
lastlocation:
  world: world
  x: -180.02330014119065
  y: 76.0
  z: 173.49329652899618
  yaw: 269.85046
  pitch: 0.44985256
logoutlocation:
  world: world
  x: -180.68070182769873
  y: 76.0
  z: 173.4422750464067
  yaw: -349.8001
  pitch: 40.949955
