lastAccountName: Andy
timestamps:
  login: 1502166906930
  logout: 1502167157472
ipAddress: 114.226.9.93
lastlocation:
  world: world
  x: -180.02330014119065
  y: 76.0
  z: 173.49329652899618
  yaw: 269.85046
  pitch: 0.44985256
logoutlocation:
  world: world
  x: -210.99126276282837
  y: 79.0
  z: 260.327373872811
  yaw: 31.200348
  pitch: 11.550022
