lastAccountName: YCool
timestamps:
  login: 1531295076373
  logout: 1531295586811
  lastteleport: 1531130522283
ipAddress: 111.10.148.163
lastlocation:
  world: world
  x: -225.36706876682035
  y: 64.0625
  z: 14.390005902505456
  yaw: -40.951176
  pitch: -0.6000108
logoutlocation:
  world: world
  x: 331.9205772738137
  y: 66.0
  z: -1151.3276502716633
  yaw: 169.6405
  pitch: 31.650105
homes:
  home:
    world: world
    x: 333.42452623350437
    y: 66.0
    z: -1151.9908748553844
    yaw: 114.75366
    pitch: 17.249992
