lastAccountName: CIRCE1228
timestamps:
  login: 1502986481450
  logout: 1502986573918
ipAddress: 49.192.6.252
lastlocation:
  world: world
  x: 780.1269107777796
  y: 64.0
  z: -1885.5006931340995
  yaw: -88.23094
  pitch: 1.1999743
logoutlocation:
  world: world
  x: 791.1377904111359
  y: 69.0
  z: -1919.3945617634995
  yaw: 268.9179
  pitch: 23.09999
