lastAccountName: M_xing
timestamps:
  login: 1518330069007
  logout: 1518330115723
ipAddress: 121.205.188.106
lastlocation:
  world: world
  x: -182.71051603628217
  y: 71.0
  z: 172.55415013095396
  yaw: -90.65384
  pitch: -1.3693843
logoutlocation:
  world: zc
  x: 16.645845767319308
  y: 59.0
  z: -5.999868768406085
  yaw: 13.650245
  pitch: 8.549974
