lastAccountName: Lacey
timestamps:
  login: 1517390091538
  logout: 1517392281285
  lastteleport: 1517391494810
ipAddress: 223.73.119.213
lastlocation:
  world: zy_nether
  x: -58.057672515280906
  y: 67.0
  z: 71.84815675070718
  yaw: -359.4005
  pitch: 6.4501762
money: '76.7'
logoutlocation:
  world: world
  x: -4109.9218591587505
  y: 63.0
  z: 1336.2743709350818
  yaw: -273.63348
  pitch: 29.54996
afk: false
homes:
  home:
    world: world
    x: -4113.300000011922
    y: 60.0
    z: 1329.300000011921
    yaw: -349.0822
    pitch: 30.449978
  zy:
    world: zy
    x: -347.5
    y: 46.0
    z: 317.5
    yaw: -26.849731
    pitch: -14.399859
  zy1:
    world: zy
    x: -113.38609556592664
    y: 66.0
    z: -200.4648909693408
    yaw: -271.05023
    pitch: 72.0
  home1:
    world: world
    x: -1047.8004126059786
    y: 64.0
    z: 2308.366961765497
    yaw: -203.72423
    pitch: 16.199986
