lastAccountName: AWaterCowA
timestamps:
  login: 1529375769847
  logout: 1529375776255
ipAddress: 182.149.189.200
lastlocation:
  world: world
  x: -225.36706876682035
  y: 64.0
  z: 14.390005902505456
  yaw: -89.40118
  pitch: -2.2500103
logoutlocation:
  world: world
  x: -225.5
  y: 64.0
  z: 14.5
  yaw: -79.95117
  pitch: 20.549997
