lastAccountName: w55
timestamps:
  login: 1530676399457
  lastteleport: 1530676815687
  logout: 1530677047520
ipAddress: 39.73.232.217
lastlocation:
  world: resources
  x: 544.6129956493645
  y: 66.0
  z: 283.6882353761466
  yaw: 196.65002
  pitch: 9.749906
logoutlocation:
  world: world
  x: -106.919220449964
  y: 74.0
  z: -54.89246799806658
  yaw: -191.25096
  pitch: 13.199866
