lastAccountName: lzk041112
timestamps:
  login: 1520157850222
  logout: 1520158034905
ipAddress: 36.4.196.193
lastlocation:
  world: world
  x: -182.71051603628217
  y: 71.0
  z: 172.55415013095396
  yaw: -90.65384
  pitch: -1.3693843
logoutlocation:
  world: zc
  x: 4.967084537806776
  y: 67.0
  z: -54.636493618570604
  yaw: 174.60051
  pitch: 28.349964
