lastAccountName: puzx
timestamps:
  login: 1528361355621
  lastteleport: 1528362430614
  logout: 1528363015695
ipAddress: 183.18.111.122
lastlocation:
  world: resources
  x: 640.6999999880791
  y: 75.0
  z: 248.3907575242874
  yaw: -101.55069
  pitch: 45.75002
homes:
  home:
    world: world
    x: -252.54677388951538
    y: 70.0
    z: 165.64073228857865
    yaw: 65.39827
    pitch: 24.75
logoutlocation:
  world: world
  x: -227.93210065238887
  y: 64.0
  z: 17.680382199482565
  yaw: -339.45132
  pitch: 53.84993
