lastAccountName: TBRS
timestamps:
  login: 1503482615591
  logout: 1503482736228
  lastteleport: 1503462958156
ipAddress: 27.154.118.237
lastlocation:
  world: world
  x: -4025.6363335043056
  y: 63.0
  z: 1421.9385778483459
  yaw: -145.53308
  pitch: 5.5501075
money: '85.0'
logoutlocation:
  world: world
  x: -172.1474733477061
  y: 61.875
  z: 179.7550299144366
  yaw: 57.720234
  pitch: 19.050047
