lastAccountName: Anteto
timestamps:
  login: 1531656529715
  lastteleport: 1531656872474
  logout: 1531657135263
ipAddress: 221.237.148.158
lastlocation:
  world: world
  x: -224.72529257508563
  y: 64.0625
  z: 14.392937291182553
  yaw: -89.40118
  pitch: -2.2500103
logoutlocation:
  world: world
  x: -26.80675688203081
  y: 98.0
  z: -144.26735368218596
  yaw: -294.7514
  pitch: 25.800144
