lastAccountName: TBS997
timestamps:
  login: 1541567593718
  lastteleport: 1541566463262
  logout: 1541567802688
ipAddress: 111.85.211.232
lastlocation:
  world: world
  x: -135.55089134100328
  y: 72.0
  z: -34.519431671287414
  yaw: -149.10014
  pitch: 8.100002
logoutlocation:
  world: world
  x: -191.31377085210775
  y: 68.0
  z: 20.408457575810424
  yaw: -104.70121
  pitch: 16.499989
afk: false
