lastAccountName: FYJL
timestamps:
  login: 1502883616292
  logout: 1502885500989
  lastteleport: 1502884685374
ipAddress: 49.72.184.149
lastlocation:
  world: world
  x: -3757.0579537165927
  y: 65.0
  z: 1480.7878637200392
  yaw: -109.03229
  pitch: 31.242506
logoutlocation:
  world: world
  x: -3729.6420798163217
  y: 63.0
  z: 1540.0586599286594
  yaw: -71.80174
  pitch: -18.964994
homes:
  hcy1:
    world: zy
    x: 10878.552661074878
    y: 63.0
    z: 11619.357630094659
    yaw: -276.4121
    pitch: 39.81496
  home:
    world: zy
    x: -3296.699999988079
    y: 64.0
    z: 1065.0724820525502
    yaw: -174.91643
    pitch: 16.70606
  hcy2:
    world: world
    x: -3742.2003732585117
    y: 64.0
    z: 1482.0789951904228
    yaw: -329.59213
    pitch: 15.259485
money: '1431.4799999999999996'
afk: false
