lastAccountName: FYJL
timestamps:
  login: 1502031054377
  logout: 1502031902470
  lastteleport: 1502031774001
ipAddress: 180.125.216.108
lastlocation:
  world: world
  x: -3752.102495008837
  y: 63.0
  z: 1471.438019045187
  yaw: -41.234528
  pitch: 22.911541
logoutlocation:
  world: world_the_end
  x: 24.466222256397696
  y: 108.0
  z: 286.99423702857183
  yaw: -260.62164
  pitch: 18.460146
homes:
  hcy1:
    world: world
    x: -654.3000000119209
    y: 68.0
    z: 1264.699999988079
    yaw: -251.45038
    pitch: 18.547823
  home:
    world: world
    x: -3756.977238495191
    y: 63.0
    z: 1497.701531399602
    yaw: -203.32146
    pitch: 8.923671
  hcy2:
    world: zy
    x: -383.294926398783
    y: 15.0
    z: -41.30000001192093
    yaw: -180.32965
    pitch: 18.262733
money: '90.0'
afk: false
