lastAccountName: FYJL
timestamps:
  login: 1502431785896
  logout: 1502431637757
  lastteleport: 1502418911700
ipAddress: 49.72.161.135
lastlocation:
  world: world
  x: -3749.8224364678485
  y: 63.0
  z: 1509.9784844612946
  yaw: -354.69543
  pitch: 31.637156
logoutlocation:
  world: world
  x: -3756.0251005592877
  y: 66.0
  z: 1478.9209526696309
  yaw: -294.10382
  pitch: 17.29817
homes:
  hcy1:
    world: zy
    x: 10861.408867866729
    y: 63.0
    z: 11515.138028458914
    yaw: -358.0143
    pitch: 38.455624
  home:
    world: zy
    x: -2165.8059080650964
    y: 65.0
    z: -1026.2984715189614
    yaw: -266.8164
    pitch: 4.9841156
  hcy2:
    world: world
    x: -3580.0727464424167
    y: 66.0
    z: 1091.180185541044
    yaw: -98.89545
    pitch: 22.209276
money: '2284.88'
afk: false
