lastAccountName: Avenging_Angel
timestamps:
  login: 1522233513633
  lastteleport: 1522233596194
  logout: 1522233609245
ipAddress: 139.205.31.87
lastlocation:
  world: zc
  x: 32.0442728219802
  y: 59.9375
  z: -0.9541880138147723
  yaw: 65.10004
  pitch: 2.2499752
money: '1100'
logoutlocation:
  world: zy
  x: -235.785775640388
  y: 64.0
  z: 226.9006806845314
  yaw: -94.05024
  pitch: 44.549953
