lastAccountName: Your_Sun
timestamps:
  login: 1517965890334
  logout: 1517966017864
ipAddress: 144.0.181.48
lastlocation:
  world: zc
  x: 15.344350805833724
  y: 59.0
  z: -5.597383708798574
  yaw: -183.5997
  pitch: -4.350011
money: '100.0'
logoutlocation:
  world: world
  x: -36.1783516009147
  y: 63.0
  z: 224.19979831856656
  yaw: 347.34616
  pitch: 19.630592
