lastAccountName: '3554839499'
timestamps:
  login: 1518600676585
  logout: 1518601040868
ipAddress: 113.200.147.143
lastlocation:
  world: zy
  x: -253.6259655049746
  y: 64.0
  z: 259.7063998899569
  yaw: -186.74957
  pitch: 5.8500233
money: '100.0'
logoutlocation:
  world: zy
  x: -157.58116815768818
  y: 64.0
  z: 300.20926224314985
  yaw: -89.85007
  pitch: 12.8998995
