lastAccountName: GGGunner
timestamps:
  login: 1530099694921
  logout: 1530099765601
ipAddress: 39.79.129.94
lastlocation:
  world: world
  x: -225.36706876682035
  y: 64.0
  z: 14.390005902505456
  yaw: -89.40118
  pitch: -2.2500103
logoutlocation:
  world: world
  x: -221.1991521842144
  y: 71.0
  z: 16.62180968164147
  yaw: 144.2988
  pitch: 15.15
