lastAccountName: BedwarsTiger
timestamps:
  login: 1523191123082
  lastteleport: 1523190300603
  logout: 1523191632725
ipAddress: 27.196.221.105
lastlocation:
  world: activity
  x: -416.7183080660091
  y: 63.0625
  z: 479.4973719180619
  yaw: -97.79958
  pitch: 19.200008
logoutlocation:
  world: world_the_end
  x: 273.94868652780934
  y: 10.5
  z: 5.196055517432988
  yaw: 140.24998
  pitch: -33.300003
