lastAccountName: Schwarz_Lizi
timestamps:
  login: 1541237121124
  lastteleport: 1541237356057
  logout: 1541237500433
ipAddress: 175.153.161.76
lastlocation:
  world: world
  x: 2633.229130445667
  y: 64.0
  z: -1289.6051062794913
  yaw: -315.1171
  pitch: 11.185633
afk: false
logoutlocation:
  world: world
  x: -2404.8646035882257
  y: 65.0
  z: 3814.2335631236006
  yaw: 120.871826
  pitch: 21.11934
money: '33879.45599999999935'
homes:
  home:
    world: world
    x: -2414.014071877605
    y: 65.0
    z: 3812.882758184829
    yaw: 267.78723
    pitch: 19.366377
