lastAccountName: Sky_Foever
timestamps:
  login: 1523012307693
  lastteleport: 1523012169073
  logout: 1523012395827
ipAddress: 116.53.212.63
lastlocation:
  world: world_nether
  x: -1855.4675051444447
  y: 128.0
  z: -27.592142635060583
  yaw: 74.85014
  pitch: 90.0
logoutlocation:
  world: world_nether
  x: 0.0
  y: 86.0
  z: 0.0
  yaw: 3.9
  pitch: -1.95
