lastAccountName: shaoyeQAQ
timestamps:
  login: 1526097199896
  lastteleport: 1525495933927
  logout: 1526097209337
ipAddress: 110.189.50.234
lastlocation:
  world: world
  x: -218.51032080301232
  y: 64.0625
  z: 14.77479037400218
  yaw: -93.61401
  pitch: 10.112276
logoutlocation:
  world: resources
  x: 653.4390828984132
  y: 64.0
  z: 284.06059505348765
  yaw: -75.9258
  pitch: 5.91188
