lastAccountName: longguang
timestamps:
  login: 1521959460917
  lastteleport: 1521960742212
  logout: 1521960933068
ipAddress: 223.98.96.188
lastlocation:
  world: world
  x: -725.5059095247979
  y: 18.5
  z: -1104.300000011921
  yaw: -201.14636
  pitch: 2.1000144
money: '28959.13'
logoutlocation:
  world: zy
  x: -1074.9500161209326
  y: 63.210207398124936
  z: 181.5394588221769
  yaw: 73.31077
  pitch: 0.599988
afk: false
homes:
  cun:
    world: world
    x: -310.4835353841728
    y: 64.0
    z: -367.87696566808916
    yaw: -0.30062866
    pitch: 26.249949
