lastAccountName: Martyr
timestamps:
  login: 1517632965477
  logout: 1517633202383
  lastteleport: 1517550571803
ipAddress: 174.66.133.104
lastlocation:
  world: world
  x: 522.5554104831008
  y: 61.0
  z: -2061.300000011921
  yaw: -48.39087
  pitch: 3.6000056
money: '100.0'
logoutlocation:
  world: world
  x: 8.10219646954746
  y: 71.0
  z: -1910.4743468745621
  yaw: -351.94043
  pitch: 15.300005
homes:
  home:
    world: world
    x: 15.752646837962477
    y: 68.0
    z: -1904.5935342585137
    yaw: -98.43848
    pitch: 13.1309395
afk: false
