lastAccountName: renard_lsq
timestamps:
  login: 1503148378100
  logout: 1503148955709
ipAddress: 89.92.252.63
lastlocation:
  world: world
  x: 199.10353529868
  y: 65.0
  z: 2123.9357817363434
  yaw: -22.049133
  pitch: 10.650003
money: '90.0'
logoutlocation:
  world: zy
  x: -292.30000001192093
  y: 70.0
  z: 140.5167705113727
  yaw: 32.55076
  pitch: 61.349957
