lastAccountName: Sandman
timestamps:
  login: 1526559344693
  lastteleport: 1526128249205
  logout: 1526559398583
ipAddress: 113.70.241.165
lastlocation:
  world: world
  x: -219.0
  y: 71.0
  z: 13.0
  yaw: 0.0
  pitch: 0.0
logoutlocation:
  world: resources
  x: 718.6999999880791
  y: 12.0
  z: 50.69999998807907
  yaw: 3.9736023
  pitch: 18.00069
