lastAccountName: Defiger
timestamps:
  login: 1526713299602
  logout: 1526720466997
  lastteleport: 1526720464392
ipAddress: 112.94.96.236
lastlocation:
  world: world
  x: -326.8405312212463
  y: 66.0
  z: -378.5662483637267
  yaw: 34.34195
  pitch: -82.3499
logoutlocation:
  world: world
  x: -332.47537481792517
  y: 92.0
  z: -370.6700901109708
  yaw: -250.50801
  pitch: 42.150097
money: '100.0'
afk: false
homes:
  home:
    world: world
    x: -331.3006930733758
    y: 92.0
    z: -370.88664642639884
    yaw: -183.90794
    pitch: 48.00008
