lastAccountName: ddfs
timestamps:
  login: 1503904832491
  logout: 1503904959854
ipAddress: 183.228.114.234
lastlocation:
  world: world
  x: -180.07367006594382
  y: 76.0
  z: 173.48296031175605
  yaw: -89.15385
  pitch: 1.6305984
logoutlocation:
  world: world
  x: -183.30480530460233
  y: 79.0
  z: 238.07483133699583
  yaw: 282.24612
  pitch: 19.030602
