lastAccountName: '23333333'
timestamps:
  login: 1502315103080
  logout: 1502315334744
ipAddress: 112.28.161.86
lastlocation:
  world: zy
  x: -327.69999998807907
  y: 7.008136670715331
  z: 135.69999998807907
  yaw: 38.013367
  pitch: 90.0
money: '100.0'
logoutlocation:
  world: zy
  x: -263.3672424870559
  y: 71.0
  z: 218.4835614181261
  yaw: -268.49982
  pitch: 19.799965
