lastAccountName: Steamed_fish
timestamps:
  login: 1524922086351
  lastteleport: 1522558968404
  logout: 1524922343264
ipAddress: 211.97.165.198
lastlocation:
  world: world
  x: -520.6285611206222
  y: 22.0
  z: -735.9910042929677
  yaw: -266.2673
  pitch: 15.900033
logoutlocation:
  world: world
  x: -223.09370890002103
  y: 64.0
  z: 15.024135228285203
  yaw: -138.52618
  pitch: 7.425611
