lastAccountName: zxc450013
timestamps:
  login: 1503847041312
  lastteleport: 1503632370035
  logout: 1503847044915
ipAddress: 220.137.167.116
lastlocation:
  world: world
  x: 943.2679964300031
  y: 69.0
  z: -2694.1535749498153
  yaw: -320.6848
  pitch: 12.90001
money: '0.0'
homes:
  home:
    world: world
    x: 946.9600646771081
    y: 69.0
    z: -2694.4075044406904
    yaw: 40.815186
    pitch: 27.899988
logoutlocation:
  world: world
  x: -193.3343778837957
  y: 70.0
  z: 170.00972316880842
  yaw: 8.196103
  pitch: 51.4306
