lastAccountName: Cang_Tian
timestamps:
  login: 1528513954438
  lastteleport: 1527312596496
  logout: 1528514125290
ipAddress: 106.117.61.72
lastlocation:
  world: resources
  x: 641.5190431122854
  y: 68.0
  z: 320.26617250995776
  yaw: -208.79991
  pitch: -45.150112
logoutlocation:
  world: world
  x: -3177.065770805197
  y: 63.0
  z: 2829.099237898584
  yaw: -41.66147
  pitch: 24.60004
