lastAccountName: ty87
timestamps:
  login: 1502210064622
  lastteleport: 1502210111419
  logout: 1502210551096
ipAddress: 211.162.237.192
lastlocation:
  world: world
  x: -180.5
  y: 76.0
  z: 173.5
  yaw: -80.84999
  pitch: -90.0
afk: false
logoutlocation:
  world: world
  x: -179.91324632682543
  y: 76.0
  z: 174.1248113355559
  yaw: -66.150024
  pitch: 40.949966
