lastAccountName: Future_Zombies
timestamps:
  login: 1502156332020
  logout: 1502156358410
ipAddress: 171.42.127.161
lastlocation:
  world: world
  x: -180.02330014119065
  y: 76.0
  z: 173.49329652899618
  yaw: 269.85046
  pitch: 0.44985256
logoutlocation:
  world: world
  x: -178.317971945399
  y: 76.0
  z: 173.34785103926208
  yaw: -183.75002
  pitch: 4.3499594
