lastAccountName: dfdff
timestamps:
  login: 1531052918543
  logout: 1531053003197
ipAddress: 125.111.2.196
lastlocation:
  world: world
  x: -225.36706876682035
  y: 64.0
  z: 14.390005902505456
  yaw: -89.40118
  pitch: -2.2500103
logoutlocation:
  world: world
  x: -221.30840968919574
  y: 64.0
  z: 14.922799864181336
  yaw: -195.75116
  pitch: 13.050001
