lastAccountName: '7777'
timestamps:
  login: 1519197457920
  logout: 1519197508706
ipAddress: 117.82.126.242
lastlocation:
  world: zc
  x: 19.784688400028887
  y: 68.0
  z: -6.510840491873506
  yaw: 154.26677
  pitch: 38.93149
logoutlocation:
  world: world
  x: -3788.1279759580843
  y: 53.0
  z: 1490.058647855362
  yaw: -45.542236
  pitch: 10.479535
money: '100.0'
