lastAccountName: QwQ_paipai
timestamps:
  login: 1518181443238
  lastteleport: 1518181847956
  logout: 1518181858210
ipAddress: 222.216.233.171
lastlocation:
  world: zy_the_end
  x: 28.59797700477387
  y: 64.0
  z: -10.97715148729819
  yaw: -5.8965573
  pitch: 26.152441
money: '100.0'
logoutlocation:
  world: zy_the_end
  x: 1.3703990378691084
  y: 59.0
  z: -51.05459123145256
  yaw: -2.6999817
  pitch: -1.8001266
