lastAccountName: DogEgg
timestamps:
  login: 1519716360542
  logout: 1519716758216
ipAddress: 182.111.29.193
lastlocation:
  world: world
  x: -182.71051603628217
  y: 71.0
  z: 172.55415013095396
  yaw: -90.65384
  pitch: -1.3693843
logoutlocation:
  world: zc
  x: -2.9557579322124328
  y: 65.0
  z: -8.296776428670864
  yaw: -58.200176
  pitch: 36.300014
