lastlocation:
  world: zy
  x: 430.5503147381651
  y: 11.0
  z: -375.78800250833325
  yaw: 238.04834
  pitch: 19.500143
lastAccountName: HuangXianS
timestamps:
  login: 1502428738161
  logout: 1502023365425
  lastteleport: 1502434344998
ipAddress: 183.211.116.142
money: '90.0'
logoutlocation:
  world: world
  x: -2084.5
  y: 64.0
  z: -603.5
  yaw: 179.19116
  pitch: 16.949854
homes:
  home:
    world: world
    x: -2084.2653003522014
    y: 64.0
    z: -603.7942692460085
    yaw: 179.19116
    pitch: 16.949854
  b:
    world: world_nether
    x: -401.5140296790878
    y: 60.0
    z: 170.87724518790336
    yaw: 185.4685
    pitch: 15.599853
  c:
    world: world_the_end
    x: -1191.0919270190377
    y: 76.0
    z: 375.45352990439875
    yaw: -34.467773
    pitch: 10.6501255
afk: false
