lastlocation:
  world: world
  x: -1936.3304083800974
  y: 75.0
  z: -609.3202708975684
  yaw: 46.61856
  pitch: -10.200188
lastAccountName: HuangXianS
timestamps:
  login: 1503827608190
  logout: 1503830749074
  lastteleport: 1503828951238
ipAddress: 36.149.168.179
money: '12101.5'
logoutlocation:
  world: world
  x: -2070.260450084301
  y: 67.0
  z: -588.8220312968318
  yaw: 105.0354
  pitch: 21.149948
homes:
  home:
    world: world
    x: -2084.2653003522014
    y: 64.0
    z: -603.7942692460085
    yaw: 179.19116
    pitch: 16.949854
  b:
    world: world_nether
    x: -401.5140296790878
    y: 60.0
    z: 170.87724518790336
    yaw: 185.4685
    pitch: 15.599853
  c:
    world: world_the_end
    x: -1191.0919270190377
    y: 76.0
    z: 375.45352990439875
    yaw: -34.467773
    pitch: 10.6501255
afk: false
