lastAccountName: ServerTest
timestamps:
  login: 1501575825907
  lastteleport: 1501336559446
  logout: 1501577439265
ipAddress: 42.197.178.113
lastlocation:
  world: world
  x: -179.01981568176933
  y: 76.0
  z: 174.76990558980057
  yaw: -100.950035
  pitch: -88.94999
logoutlocation:
  world: world
  x: -34.62824068527523
  y: 64.0
  z: 190.701723219873
  yaw: -182.75381
  pitch: 89.09999
money: '100.0'
afk: false
