lastAccountName: nrpatb666
timestamps:
  login: 1519618422959
  logout: 1519618495565
ipAddress: 120.39.134.26
lastlocation:
  world: world
  x: -182.71051603628217
  y: 71.0
  z: 172.55415013095396
  yaw: -90.65384
  pitch: -1.3693843
logoutlocation:
  world: zc
  x: 39.29851427955334
  y: 60.0
  z: -20.2989516770363
  yaw: -251.55005
  pitch: 79.65002
