world: activity
x: -416.5
y: 63.0625
z: 479.5
yaw: 90.15036
pitch: -0.44999683
name: activity
