world: world
x: -3697.6089444968197
y: 64.0
z: 1571.6394583726121
yaw: -243.90121
pitch: 0.45000976
name: Area3
