world: world
x: 75.97801762501652
y: 70.0
z: -700.4089439103387
yaw: -270.67737
pitch: 2.8360498
name: Area1
