world: world
x: -2634.300000011921
y: 155.0
z: -571.3000000119209
yaw: -224.84985
pitch: 6.4500093
name: Area2
