world: world
x: -1372.8702901059312
y: 71.0
z: 2150.1707751494787
yaw: -256.1189
pitch: 79.649994
name: Area4
