world: resources_nether
x: -38.41390117382608
y: 37.0
z: 47.46211375890454
yaw: -92.85004
pitch: -1.050093
name: resources_nether
