world: resources_the_end
x: 1.3703990378691084
y: 59.0
z: -51.05459123145256
yaw: -2.6999817
pitch: -1.8001266
name: resources_the_end
