world: resources
x: 598.2406024759464
y: 68.0
z: 271.67940377942705
yaw: 270.2999
pitch: -1.0500613
name: resources
