world: world
x: -180.38503553750695
y: 61.0
z: 173.56798000383677
yaw: 179.25465
pitch: -0.1499947
name: shop
