world: world
x: 2597.4893280114284
y: 66.0
z: -828.1351350341471
yaw: -267.9519
pitch: 0.74999803
name: shop
