world: world
x: -225.68024357152618
y: 64.0
z: 14.629808449320919
yaw: -90.601074
pitch: -1.2000077
name: world
