world: world
x: -14727.446018555902
y: 68.0
z: -1.8194464167028737
yaw: 93.120056
pitch: 11.399963
name: WTO
