world: zy
x: -263.3905864846481
y: 71.0
z: 218.43805639443104
yaw: -274.34973
pitch: 8.699976
name: zy
